07001,20070530,22 24 29 31 35|04 11,55  34  丰    大壮
07002,20070602,15 22 31 34 35|05 12,45  8   萃    比
07003,20070604,03 04 18 23 32|01 06,61  59  中孚  涣
07004,20070606,06 10 16 17 25|02 04,24  51  复    震
07005,20070609,01 09 19 20 30|02 11,62  56  小过  旅
07006,20070611,01 16 20 23 28|03 06,26  41  大畜  损
07007,20070613,14 16 25 26 35|04 09,49  13  革    同人
07008,20070616,02 08 11 21 23|04 07,29  8   坎    比
07009,20070618,01 03 09 19 34|09 12,12  35  否    晋
07010,20070620,06 08 18 29 34|09 11,54  51  归妹  震
07011,20070623,29 32 33 34 35|09 10,46  32  升    恒
07012,20070625,03 12 15 29 34|07 11,56  30  旅    离
07013,20070627,12 17 27 29 34|06 09,5   43  需    夬
07014,20070630,01 02 07 29 32|06 07,17  25  随    无妄
07015,20070702,02 08 12 13 17|11 12,11  36  泰    明夷
07016,20070704,01 14 19 24 31|03 12,30  13  离    同人
07017,20070707,13 14 29 32 34|03 12,4   41  蒙    损
07018,20070709,03 04 16 23 28|06 09,45  8   萃    比
07019,20070711,03 06 17 22 23|04 06,61  59  中孚  涣
07020,20070714,02 06 11 12 18|05 12,44  6   姤    讼
07021,20070716,02 04 24 29 33|01 02,62  56  小过  旅
07022,20070718,08 10 12 23 25|03 10,26  41  大畜  损
07023,20070721,08 10 23 32 34|08 10,21  25  噬嗑  无妄
07024,20070723,06 16 20 25 31|04 09,29  8   坎    比
07025,20070725,22 24 26 27 34|02 10,12  35  否    晋
07026,20070728,05 09 13 33 35|01 08,37  53  家人  渐
07027,20070730,02 03 10 19 27|06 10,46  32  升    恒
07028,20070801,20 26 30 34 35|03 10,9   57  小畜  巽
07029,20070804,15 22 25 29 35|09 11,25  13  无妄  同人
07030,20070806,11 14 27 33 35|02 07,40  64  解    未济
07031,20070808,03 21 27 31 32|06 08,23  52  剥    艮
07032,20070811,01 13 21 23 32|04 11,30  13  离    同人
07033,20070813,01 05 08 14 22|03 12,48  39  井    蹇
07034,20070815,06 08 11 13 22|02 11,33  56  遁    旅
07035,20070818,07 11 16 31 32|01 12,61  59  中孚  涣
07036,20070820,15 18 21 27 34|01 02,24  51  复    震
07037,20070822,01 06 07 17 31|11 12,64  38  未济  睽
07038,20070825,06 21 25 27 32|08 09,26  41  大畜  损
07039,20070827,10 11 20 21 35|07 11,49  13  革    同人
07040,20070829,05 21 25 28 35|01 04,57  59  巽    涣
07041,20070901,03 16 17 22 35|01 08,38  10  睽    履
07042,20070903,07 10 22 31 35|05 06,3   60  屯    节
07043,20070905,04 09 22 24 31|02 06,6   64  讼    未济
07044,20070908,04 05 07 12 26|01 10,9   57  小畜  巽
07045,20070910,09 16 20 26 35|11 12,36  55  明夷  丰
07046,20070912,04 16 18 23 30|01 10,50  14  鼎    大有
07047,20070915,01 06 15 19 35|02 09,23  52  剥    艮
07048,20070917,08 25 26 29 35|06 08,58  10  兑    履
07049,20070919,09 10 15 17 32|04 06,42  37  益    家人
07050,20070922,13 21 22 30 35|01 11,33  56  遁    旅
07051,20070924,03 07 24 28 35|08 11,34  55  大壮  丰
07052,20070926,01 14 29 32 33|05 10,22  37  贲    家人
07053,20070929,11 16 19 21 25|01 10,64  38  未济  睽
07054,20071001,04 10 19 29 34|03 06,13  25  同人  无妄
07055,20071003,10 16 24 31 33|07 10,32  50  恒    鼎
07056,20071006,04 11 17 20 21|05 09,2   7   坤    师
07057,20071008,14 16 30 32 35|06 07,38  10  睽    履
07058,20071010,08 21 25 28 33|02 06,3   60  屯    节
07059,20071013,04 15 23 31 33|03 09,31  39  咸    蹇
07060,20071015,12 13 29 30 31|04 07,9   57  小畜  巽
07061,20071017,02 10 19 28 29|02 09,36  55  明夷  丰
07062,20071020,01 04 10 14 29|11 12,40  64  解    未济
07063,20071022,10 31 33 34 35|07 12,23  52  剥    艮
07064,20071024,02 16 32 33 35|05 10,58  10  兑    履
07065,20071027,19 20 24 29 31|09 10,48  39  井    蹇
07066,20071029,04 07 08 19 24|07 12,33  56  遁    旅
07067,20071031,11 18 25 30 31|04 09,34  55  大壮  丰
07068,20071103,04 09 13 14 33|06 10,47  29  困    坎
07069,20071105,02 13 16 21 35|01 05,20  42  观    益
07070,20071107,07 26 29 30 35|03 04,19  54  临    归妹
07071,20071110,10 22 32 33 35|01 07,32  50  恒    鼎
07072,20071112,21 24 26 27 33|01 05,52  23  艮    剥
07073,20071114,04 05 09 12 23|02 11,43  1   夬    乾
07074,20071117,16 17 23 24 31|05 10,3   60  屯    节
07075,20071119,05 11 20 30 32|07 11,6   64  讼    未济
07076,20071121,02 09 12 15 31|09 10,16  40  豫    解
07077,20071124,04 06 12 13 24|01 04,36  55  明夷  丰
07078,20071126,09 12 14 22 23|01 02,50  14  鼎    大有
07079,20071128,06 09 25 26 31|02 08,39  31  蹇    咸
07080,20071201,01 15 20 25 27|05 10,57  18  巽    蛊
07081,20071203,06 18 20 22 35|04 09,15  46  谦    升
07082,20071205,03 05 14 33 34|07 08,14  1   大有  乾
07083,20071208,01 05 20 21 24|03 04,27  23  颐    剥
07084,20071210,05 11 18 29 34|10 11,47  29  困    坎
07085,20071212,17 24 28 29 33|02 05,20  42  观    益
07086,20071215,14 18 19 26 28|03 09,13  25  同人  无妄
07087,20071217,08 18 30 31 33|04 09,32  50  恒    鼎
07088,20071219,17 18 21 23 33|06 10,52  23  艮    剥
07089,20071222,08 13 24 30 34|01 12,38  10  睽    履
07090,20071224,04 20 24 31 33|09 12,3   60  屯    节
07091,20071226,07 12 26 31 32|03 08,6   64  讼    未济
07092,20071229,06 19 27 28 29|06 10,9   57  小畜  巽
07093,20071231,06 08 16 25 27|08 12,36  55  明夷  丰
08001,20080102,01 02 11 34 35|03 10,42  27  益    颐
08002,20080105,01 12 24 31 32|10 12,33  13  遁    同人
08003,20080107,01 11 13 32 35|02 07,34  11  大壮  泰
08004,20080109,09 22 24 31 33|08 09,22  52  贲    艮
08005,20080112,18 25 29 31 34|09 10,64  50  未济  鼎
08006,20080114,10 12 26 29 34|05 07,8   20  比    观
08007,20080116,03 04 05 12 28|03 12,10  1   履    乾
08008,20080119,02 06 08 17 32|08 09,57  18  巽    蛊
08009,20080121,04 08 12 24 30|05 08,15  46  谦    升
08010,20080123,06 23 24 27 29|06 08,14  1   大有  乾
08011,20080126,14 20 22 24 27|07 10,27  23  颐    剥
08012,20080128,02 10 29 32 35|02 03,47  29  困    坎
08013,20080130,01 11 19 22 35|05 09,20  42  观    益
08014,20080202,04 07 10 28 34|01 06,50  64  鼎    未济
08015,20080204,09 18 20 27 33|06 09,39  53  蹇    渐
08016,20080213,08 10 11 17 19|06 09,2   7   坤    师
08017,20080216,02 14 25 29 32|01 06,55  36  丰    明夷
08018,20080218,03 06 07 11 30|02 03,18  26  蛊    大畜
08019,20080220,08 24 25 29 31|04 05,31  39  咸    蹇
08020,20080223,04 05 15 17 33|04 08,60  61  节    中孚
08021,20080225,05 10 13 21 24|04 09,25  13  无妄  同人
08022,20080227,09 12 13 25 31|08 10,40  64  解    未济
08023,20080301,06 26 31 32 34|07 10,32  50  恒    鼎
08024,20080303,08 12 17 20 30|01 02,52  23  艮    剥
08025,20080305,06 10 12 15 28|04 12,43  1   夬    乾
08026,20080308,01 21 22 24 25|08 10,3   60  屯    节
08027,20080310,05 17 23 31 32|04 08,6   64  讼    未济
08028,20080312,03 11 17 19 26|07 12,16  40  豫    解
08029,20080315,06 11 18 29 30|04 11,36  55  明夷  丰
08030,20080317,03 21 23 26 35|05 08,50  14  鼎    大有
08031,20080319,14 20 23 27 28|02 04,39  31  蹇    咸
08032,20080322,03 09 19 27 33|09 10,58  10  兑    履
08033,20080324,03 10 21 23 30|01 09,42  37  益    家人
08034,20080326,06 07 18 34 35|05 10,7   4   师    蒙
08035,20080329,02 12 13 29 30|05 07,34  55  大壮  丰
08036,20080331,09 19 22 30 32|01 10,22  37  贲    家人
08037,20080402,11 20 24 31 35|04 10,62  32  小过  恒
08038,20080405,12 13 19 32 33|02 10,19  54  临    归妹
08039,20080407,07 11 15 27 35|04 07,21  35  噬嗑  晋
08040,20080409,04 08 19 22 29|08 11,29  47  坎    困
08041,20080412,07 17 21 22 28|05 10,43  1   夬    乾
08042,20080414,05 10 13 32 35|04 05,37  42  家人  益
08043,20080416,05 08 10 31 33|02 04,46  18  升    蛊
08044,20080419,02 21 23 27 32|10 11,16  40  豫    解
08045,20080421,14 32 33 34 35|02 04,41  61  损    中孚
08046,20080423,11 25 26 27 35|07 08,17  58  随    兑
08047,20080426,12 18 22 23 30|06 12,39  31  蹇    咸
08048,20080428,01 13 22 25 27|02 10,1   44  乾    姤
08049,20080430,01 11 14 28 30|03 10,55  36  丰    明夷
08050,20080503,01 05 11 26 27|03 07,14  1   大有  乾
08051,20080505,01 07 09 11 33|03 11,63  5   既济  需
08052,20080507,03 18 19 30 35|05 09,44  50  姤    鼎
08053,20080510,01 13 21 23 32|03 06,20  42  观    益
08054,20080512,05 14 23 31 35|02 06,19  54  临    归妹
08055,20080514,02 14 28 30 35|04 12,21  35  噬嗑  晋
08056,20080517,15 19 25 30 31|03 09,52  23  艮    剥
08057,20080519,05 08 09 17 33|05 06,43  1   夬    乾
08058,20080521,03 09 11 29 33|03 12,37  42  家人  益
08059,20080524,07 13 21 25 31|08 10,6   64  讼    未济
08060,20080526,03 13 17 23 30|01 11,16  40  豫    解
08061,20080528,07 10 14 19 32|03 06,41  61  损    中孚
08062,20080531,01 15 27 28 29|03 10,50  14  鼎    大有
08063,20080602,07 11 24 30 35|06 08,11  34  泰    大壮
08064,20080604,14 18 24 27 31|06 07,30  56  离    旅
08065,20080607,19 22 23 25 32|06 12,4   18  蒙    蛊
08066,20080609,02 07 21 22 25|04 12,45  12  萃    否
08067,20080611,03 10 14 15 22|04 07,61  9   中孚  小畜
08068,20080614,06 09 11 33 34|06 10,44  50  姤    鼎
08069,20080616,05 13 16 29 33|06 08,62  32  小过  恒
08070,20080618,09 17 18 21 31|01 05,26  9   大畜  小畜
08071,20080621,01 05 11 14 25|01 09,21  35  噬嗑  晋
08072,20080623,10 25 32 33 34|03 09,29  47  坎    困
08073,20080625,02 05 06 07 31|08 10,12  25  否    无妄
08074,20080628,10 13 22 31 35|04 12,37  42  家人  益
08075,20080630,01 10 13 30 33|06 07,46  18  升    蛊
08076,20080702,03 05 10 27 34|01 12,60  3   节    屯
08077,20080705,01 08 21 33 34|05 07,28  48  大过  井
08078,20080707,08 17 20 28 31|07 11,53  37  渐    家人
08079,20080709,20 23 26 32 33|05 12,11  34  泰    大壮
08080,20080712,06 09 29 31 33|05 11,51  21  震    噬嗑
08081,20080714,07 08 20 22 29|04 07,4   18  蒙    蛊
08082,20080716,15 19 29 33 35|01 02,45  12  萃    否
08083,20080719,06 14 15 30 31|03 10,63  5   既济  需
08084,20080721,02 17 20 22 25|05 11,44  50  姤    鼎
08085,20080723,03 07 13 15 19|02 10,62  32  小过  恒
08086,20080726,01 06 10 22 35|03 07,19  54  临    归妹
08087,20080728,14 22 32 33 35|01 05,21  35  噬嗑  晋
08088,20080730,07 11 19 27 31|02 03,29  47  坎    困
08089,20080802,08 13 24 32 33|03 09,55  30  丰    离
08090,20080804,04 11 18 33 34|02 06,18  4   蛊    蒙
08091,20080806,09 13 19 22 25|04 10,31  33  咸    遁
08092,20080809,03 23 26 32 34|04 09,60  3   节    屯
08093,20080811,06 07 10 24 30|05 08,25  21  无妄  噬嗑
08094,20080813,07 12 19 27 34|11 12,40  16  解    豫
08095,20080816,03 04 11 21 25|01 07,11  34  泰    大壮
08096,20080818,06 07 12 25 28|02 12,30  56  离    旅
08097,20080820,01 10 31 33 35|03 10,48  28  井    大过
08098,20080823,07 10 22 27 33|04 08,45  12  萃    否
08099,20080825,03 18 23 25 30|06 10,61  9   中孚  小畜
08100,20080827,12 20 26 29 30|02 06,24  27  复    颐
08101,20080830,10 13 23 31 33|04 11,62  32  小过  恒
08102,20080901,05 25 26 29 35|03 10,13  30  同人  离
08103,20080903,02 11 22 30 34|04 09,32  62  恒    小过
08104,20080906,07 08 10 24 34|08 11,2   16  坤    豫
08105,20080908,12 21 22 26 35|04 05,38  64  睽    未济
08106,20080910,03 05 21 28 33|02 06,3   17  屯    随
08107,20080913,01 02 13 15 16|04 09,31  33  咸    遁
08108,20080915,11 16 24 29 32|09 11,9   61  小畜  中孚
08109,20080917,01 10 18 28 34|05 08,36  22  明夷  贲
08110,20080920,05 16 25 27 33|04 09,40  16  解    豫
08111,20080922,02 11 12 14 19|05 09,23  20  剥    观
08112,20080924,04 18 26 32 33|05 08,58  17  兑    随
08113,20080927,11 14 17 19 22|01 08,48  28  井    大过
08114,20080929,02 03 22 27 31|06 07,33  13  遁    同人
08115,20081001,07 09 19 21 33|07 10,27  22  颐    贲
08116,20081004,06 08 15 24 31|01 03,56  33  旅    遁
08117,20081006,13 23 24 25 30|02 08,5   63  需    既济
08118,20081008,06 09 19 25 30|06 12,13  30  同人  离
08119,20081011,01 02 10 19 27|01 11,59  61  涣    中孚
08120,20081013,21 23 24 25 32|03 04,2   16  坤    豫
08121,20081015,11 23 24 32 35|04 10,38  64  睽    未济
08122,20081018,03 06 12 20 29|09 12,18  4   蛊    蒙
08123,20081020,01 06 12 28 31|08 09,31  33  咸    遁
08124,20081022,02 10 13 29 33|06 10,9   61  小畜  中孚
08125,20081025,01 04 28 33 34|06 11,25  21  无妄  噬嗑
08126,20081027,09 29 32 34 35|01 08,40  16  解    豫
08127,20081029,08 21 22 31 33|01 07,23  20  剥    观
08128,20081101,12 15 23 24 25|10 11,57  9   巽    小畜
08129,20081103,13 16 20 25 27|04 05,15  62  谦    小过
08130,20081105,03 05 22 29 34|07 12,14  50  大有  鼎
08131,20081108,08 09 12 21 32|07 11,27  22  颐    贲
08132,20081110,06 14 24 27 29|05 09,47  6   困    讼
08133,20081112,10 12 15 33 35|03 09,20  53  观    渐
08134,20081115,11 13 15 28 35|08 10,13  30  同人  离
08135,20081117,07 22 25 29 33|01 12,32  62  恒    小过
08136,20081119,03 28 29 32 34|01 06,52  53  艮    渐
08137,20081122,01 10 25 32 35|05 09,38  64  睽    未济
08138,20081124,04 05 18 22 35|07 08,3   17  屯    随
08139,20081126,01 06 10 14 22|06 08,6   10  讼    履
08140,20081129,02 09 11 29 32|08 09,9   61  小畜  中孚
08141,20081201,09 15 18 30 34|04 05,64  6   未济  讼
08142,20081203,06 18 21 30 35|08 09,8   29  比    坎
08143,20081206,01 02 22 29 32|01 04,49  63  革    既济
08144,20081208,10 19 27 28 33|05 12,57  9   巽    小畜
08145,20081210,05 16 27 29 30|05 11,15  62  谦    小过
08146,20081213,09 23 24 26 33|07 12,54  38  归妹  睽
08147,20081215,16 18 19 24 35|11 12,27  22  颐    贲
08148,20081217,03 07 20 33 35|04 07,47  6   困    讼
08149,20081220,02 05 06 27 29|03 04,5   63  需    既济
08150,20081222,01 09 10 15 25|03 08,13  30  同人  离
08151,20081224,07 10 27 31 34|08 09,32  62  恒    小过
08152,20081227,03 05 14 20 33|07 11,2   16  坤    豫
08153,20081229,02 04 06 25 26|02 05,38  64  睽    未济
08154,20081231,05 07 10 29 32|04 06,3   17  屯    随
09001,20090103,01 15 23 27 30|04 10,4   59  蒙    涣
09002,20090105,01 04 07 12 30|05 10,45  47  萃    困
09003,20090107,16 18 23 30 32|02 11,61  41  中孚  损
09004,20090110,01 03 22 32 35|06 10,44  1   姤    乾
09005,20090112,10 11 15 31 32|05 08,62  15  小过  谦
09006,20090114,02 04 22 31 35|09 12,26  18  大畜  蛊
09007,20090117,06 14 15 29 35|06 11,21  30  噬嗑  离
09008,20090119,04 17 21 29 31|02 12,29  59  坎    涣
09009,20090121,12 18 23 26 32|06 09,12  33  否    遁
09010,20090124,02 09 12 21 29|07 11,37  22  家人  贲
09011,20090202,02 11 13 14 21|02 04,6   10  讼    履
09012,20090204,02 05 20 25 31|10 12,16  2   豫    坤
09013,20090207,05 24 26 30 35|05 12,36  22  明夷  贲
09014,20090209,08 14 15 25 26|07 09,50  64  鼎    未济
09015,20090211,01 05 10 16 27|03 04,39  53  蹇    渐
09016,20090214,10 11 20 26 27|09 11,58  17  兑    随
09017,20090216,05 11 23 26 33|04 12,42  27  益    颐
09018,20090218,01 06 13 28 29|03 09,7   2   师    坤
09019,20090221,04 29 31 32 35|04 10,34  11  大壮  泰
09020,20090223,05 16 18 32 35|02 11,22  52  贲    艮
09021,20090225,01 15 31 32 34|03 08,28  48  大过  井
09022,20090228,12 14 17 34 35|04 11,8   20  比    观
09023,20090302,15 17 21 27 33|07 11,39  53  蹇    渐
09024,20090304,29 31 32 33 35|10 11,1   10  乾    履
09025,20090307,03 17 22 23 33|04 10,42  27  益    颐
09026,20090309,24 30 31 32 34|10 12,7   2   师    坤
09027,20090311,03 22 26 33 34|09 10,35  12  晋    否
09028,20090314,06 20 30 32 35|09 11,22  52  贲    艮
09029,20090316,03 04 13 17 24|04 11,28  48  大过  井
09030,20090318,01 07 27 30 32|01 04,53  37  渐    家人
09031,20090321,07 11 19 21 22|01 11,10  1   履    乾
09032,20090323,04 12 20 26 29|06 10,51  21  震    噬嗑
09033,20090325,02 08 18 21 32|08 11,4   18  蒙    蛊
09034,20090328,05 19 31 32 35|04 09,14  1   大有  乾
09035,20090330,03 07 09 28 33|03 08,63  5   既济  需
09036,20090401,02 12 26 31 33|09 10,56  33  旅    遁
09037,20090404,17 18 19 25 31|01 11,41  4   损    蒙
09038,20090406,06 17 20 29 32|04 05,17  3   随    屯
09039,20090408,01 03 07 10 33|03 04,59  61  涣    中孚
09040,20090411,03 16 30 32 33|01 10,1   10  乾    履
09041,20090413,05 09 20 23 29|04 10,55  30  丰    离
09042,20090415,11 24 25 26 31|02 07,18  4   蛊    蒙
09043,20090418,05 21 22 32 35|02 05,35  12  晋    否
09044,20090420,01 07 18 29 34|03 09,60  3   节    屯
09045,20090422,01 09 14 24 35|06 09,25  21  无妄  噬嗑
09046,20090425,01 09 24 34 35|04 09,53  37  渐    家人
09047,20090427,13 18 21 24 29|03 06,11  34  泰    大壮
09048,20090429,05 06 22 25 27|11 12,30  56  离    旅
09049,20090502,05 16 28 29 34|11 12,43  49  夬    革
09050,20090504,05 15 28 32 33|08 09,37  22  家人  贲
09051,20090506,03 11 22 26 29|05 12,46  15  升    谦
09052,20090509,23 24 30 34 35|01 03,16  2   豫    坤
09053,20090511,05 09 24 31 33|05 06,41  4   损    蒙
09054,20090513,02 12 19 29 30|07 12,17  3   随    屯
09055,20090516,05 08 14 23 24|05 06,39  53  蹇    渐
09056,20090518,04 13 17 32 35|03 06,1   10  乾    履
09057,20090520,06 15 22 27 30|02 09,55  30  丰    离
09058,20090523,08 10 14 27 32|02 07,7   2   师    坤
09059,20090525,02 13 14 29 33|04 11,35  12  晋    否
09060,20090527,18 28 29 30 31|04 08,60  3   节    屯
09061,20090530,02 10 21 26 34|02 10,28  48  大过  井
09062,20090601,04 22 23 29 31|05 11,26  18  大畜  蛊
09063,20090603,05 06 18 21 22|01 07,49  63  革    既济
09064,20090606,06 10 11 17 34|11 12,29  59  坎    涣
09065,20090608,01 12 24 27 32|02 11,12  33  否    遁
09066,20090610,01 08 19 24 31|06 12,54  38  归妹  睽
09067,20090613,03 06 25 28 32|02 05,46  15  升    谦
09068,20090615,02 12 15 20 28|01 12,56  33  旅    遁
09069,20090617,14 16 27 30 33|08 12,5   63  需    既济
09070,20090620,10 21 24 30 31|03 10,17  3   随    屯
09071,20090622,04 20 29 30 33|02 11,59  61  涣    中孚
09072,20090624,23 26 29 32 33|05 10,2   16  坤    豫
09073,20090627,01 10 19 21 30|01 04,55  30  丰    离
09074,20090629,15 17 19 23 32|01 11,18  4   蛊    蒙
09075,20090701,01 07 11 32 33|09 11,61  41  中孚  损
09076,20090704,03 09 11 18 24|04 05,44  1   姤    乾
09077,20090706,07 20 28 32 34|06 08,62  15  小过  谦
09078,20090708,11 23 26 31 34|05 11,26  18  大畜  蛊
09079,20090711,01 02 07 13 34|04 10,21  30  噬嗑  离
09080,20090713,07 16 19 29 35|02 11,29  59  坎    涣
09081,20090715,02 15 20 25 33|03 06,12  33  否    遁
09082,20090718,05 11 26 29 32|08 11,37  22  家人  贲
09083,20090720,02 05 28 34 35|01 07,46  15  升    谦
09084,20090722,05 09 19 26 35|02 10,56  33  旅    遁
09085,20090725,06 13 27 33 34|09 12,41  4   损    蒙
09086,20090727,01 02 07 26 29|10 12,17  3   随    屯
09087,20090729,10 24 28 30 33|01 10,59  61  涣    中孚
09088,20090801,13 16 27 32 34|03 09,30  21  离    噬嗑
09089,20090803,03 06 11 19 27|02 07,48  57  井    巽
09090,20090805,18 25 30 33 34|04 10,33  12  遁    否
09091,20090808,01 05 17 32 34|03 07,61  41  中孚  损
09092,20090810,10 21 22 27 29|08 12,24  19  复    临
09093,20090812,07 09 22 30 33|09 11,64  6   未济  讼
09094,20090815,01 05 21 23 29|05 12,26  18  大畜  蛊
09095,20090817,08 18 24 30 33|01 06,49  63  革    既济
09096,20090819,07 12 28 32 33|01 03,57  9   巽    小畜
09097,20090822,06 13 14 22 25|01 04,12  33  否    遁
09098,20090824,11 17 19 25 26|02 10,54  38  归妹  睽
09099,20090826,03 09 21 23 33|06 10,27  22  颐    贲
09100,20090829,16 20 25 29 33|01 08,56  33  旅    遁
09101,20090831,02 10 14 22 26|04 09,5   63  需    既济
09102,20090902,11 13 29 32 35|10 12,50  44  鼎    姤
09103,20090905,16 20 28 32 33|01 02,23  27  剥    颐
09104,20090907,15 25 29 32 33|10 11,58  60  兑    节
09105,20090909,01 25 26 34 35|06 11,42  20  益    观
09106,20090912,11 21 22 25 34|06 09,33  12  遁    否
09107,20090914,11 12 33 34 35|01 10,34  14  大壮  大有
09108,20090916,01 09 14 29 30|07 10,22  27  贲    颐
09109,20090919,02 11 13 26 35|06 10,64  6   未济  讼
09110,20090921,22 28 30 31 34|07 09,8   29  比    坎
09111,20090923,04 11 13 19 35|10 12,10  38  履    睽
09112,20090926,02 08 12 34 35|04 05,57  9   巽    小畜
09113,20090928,03 04 10 18 27|06 08,15  62  谦    小过
09114,20090930,02 08 25 29 33|03 07,14  50  大有  鼎
09115,20091003,01 02 06 08 26|05 12,31  28  咸    大过
09116,20091005,12 15 23 30 33|09 12,9   26  小畜  大畜
09117,20091007,07 21 29 31 33|09 10,36  11  明夷  泰
09118,20091010,10 17 18 21 34|05 11,40  7   解    师
09119,20091012,03 12 22 23 28|04 12,23  27  剥    颐
09120,20091014,11 23 27 28 32|02 05,58  60  兑    节
09121,20091017,04 05 08 11 22|02 10,48  57  井    巽
09122,20091019,01 02 11 31 33|05 06,33  12  遁    否
09123,20091021,10 21 28 29 32|06 10,34  14  大壮  大有
09124,20091024,01 03 14 32 35|07 11,24  19  复    临
09125,20091026,08 20 23 29 31|02 11,64  6   未济  讼
09126,20091028,14 23 27 28 33|08 12,8   29  比    坎
09127,20091031,05 09 27 32 34|05 08,49  63  革    既济
09128,20091102,06 21 28 32 34|04 07,52  22  艮    贲
09129,20091104,02 10 18 32 33|03 08,43  5   夬    需
09130,20091107,09 14 25 32 34|02 08,3   42  屯    益
09131,20091109,02 03 08 33 34|03 11,6   44  讼    姤
09132,20091111,02 10 12 15 28|04 07,16  35  豫    晋
09133,20091114,01 08 24 27 34|10 11,36  11  明夷  泰
09134,20091116,02 16 19 28 33|07 11,50  44  鼎    姤
09135,20091118,06 08 15 20 32|05 06,39  48  蹇    井
09136,20091121,07 13 23 24 29|06 10,58  60  兑    节
09137,20091123,12 28 29 30 34|01 09,42  20  益    观
09138,20091125,03 04 14 28 32|09 10,7   40  师    解
09139,20091128,14 16 20 22 32|05 09,34  14  大壮  大有
09140,20091130,07 08 19 26 30|01 12,22  27  贲    颐
09141,20091202,13 14 21 30 33|02 08,20  23  观    剥
09142,20091205,05 06 13 24 31|03 11,13  33  同人  遁
09143,20091207,01 09 10 11 22|01 12,32  46  恒    升
09144,20091209,18 26 32 33 34|04 06,52  22  艮    贲
09145,20091212,05 11 14 22 35|03 10,38  14  睽    大有
09146,20091214,11 17 23 24 25|03 06,3   42  屯    益
09147,20091216,06 12 18 22 29|05 08,6   44  讼    姤
09148,20091219,02 04 13 14 33|01 09,9   26  小畜  大畜
09149,20091221,01 03 10 12 20|02 07,36  11  明夷  泰
09150,20091223,04 11 18 25 34|05 07,50  44  鼎    姤
09151,20091226,03 08 14 30 31|04 09,23  27  剥    颐
09152,20091228,01 23 29 30 32|07 12,58  60  兑    节
09153,20091230,21 22 30 32 34|03 07,42  20  益    观
10001,20100102,02 06 07 12 27|02 08,4   41  蒙    损
10002,20100104,04 23 25 26 30|07 10,45  8   萃    比
10003,20100106,05 14 23 27 30|02 08,61  59  中孚  涣
10004,20100109,03 06 21 24 34|04 06,44  6   姤    讼
10005,20100111,04 17 19 22 30|02 03,62  56  小过  旅
10006,20100113,03 13 19 30 34|02 05,26  41  大畜  损
10007,20100116,07 23 26 29 32|08 11,21  25  噬嗑  无妄
10008,20100118,11 23 25 31 32|05 11,29  8   坎    比
10009,20100120,02 05 13 27 32|03 11,12  35  否    晋
10010,20100123,15 22 24 32 35|02 09,37  53  家人  渐
10011,20100125,02 03 11 27 32|08 11,46  32  升    恒
10012,20100127,20 24 30 31 33|05 12,56  30  旅    离
10013,20100130,18 21 22 26 34|09 12,41  26  损    大畜
10014,20100201,18 19 30 33 35|02 04,40  64  解    未济
10015,20100203,03 10 14 18 28|08 10,23  52  剥    艮
10016,20100206,10 12 20 23 32|04 10,30  13  离    同人
10017,20100208,13 21 23 27 34|09 12,48  39  井    蹇
10018,20100210,03 10 26 32 33|04 12,33  56  遁    旅
10019,20100220,03 11 19 26 27|02 09,34  14  大壮  大有
10020,20100222,08 18 26 32 33|01 06,22  27  贲    颐
10021,20100224,11 20 23 24 25|07 09,28  44  大过  姤
10022,20100227,02 11 13 14 25|02 05,8   29  比    坎
10023,20100301,11 13 29 32 33|02 08,39  48  蹇    井
10024,20100303,03 14 19 24 25|04 11,1   14  乾    大有
10025,20100306,09 11 13 14 25|01 07,42  20  益    观
10026,20100308,05 23 25 31 35|07 10,7   40  师    解
10027,20100310,05 23 26 32 34|02 09,35  21  晋    噬嗑
10028,20100313,01 02 07 20 35|01 03,22  27  贲    颐
10029,20100315,21 22 33 34 35|03 04,28  44  大过  姤
10030,20100317,10 12 19 32 35|02 07,53  20  渐    观
10031,20100320,05 13 16 17 35|06 08,10  38  履    睽
10032,20100322,13 16 23 24 33|07 11,51  54  震    归妹
10033,20100324,12 19 28 29 30|05 08,4   59  蒙    涣
10034,20100327,01 06 19 25 26|03 09,14  50  大有  鼎
10035,20100329,14 16 20 31 34|01 07,63  49  既济  革
10036,20100331,19 25 28 31 33|01 08,44  1   姤    乾
10037,20100403,19 21 26 34 35|01 09,41  26  损    大畜
10038,20100405,08 10 25 29 33|01 02,17  25  随    无妄
10039,20100407,07 19 26 28 32|01 08,59  57  涣    巽
10040,20100410,13 20 26 31 35|02 11,1   14  乾    大有
10041,20100412,16 22 28 29 34|04 12,55  34  丰    大壮
10042,20100414,01 05 19 34 35|06 07,18  57  蛊    巽
10043,20100417,05 08 10 33 35|02 10,35  21  晋    噬嗑
10044,20100419,06 21 24 28 30|02 07,60  58  节    兑
10045,20100421,08 17 18 20 28|09 10,25  12  无妄  否
10046,20100424,02 15 19 26 27|05 06,53  20  渐    观
10047,20100426,04 08 11 30 31|02 08,11  26  泰    大畜
10048,20100428,02 03 10 12 25|03 09,30  21  离    噬嗑
10049,20100501,01 25 29 31 33|04 10,43  5   夬    需
10050,20100503,07 08 15 30 35|05 10,37  53  家人  渐
10051,20100505,06 10 20 24 32|06 10,46  32  升    恒
10052,20100508,04 06 25 29 32|05 06,16  35  豫    晋
10053,20100510,09 19 22 26 34|09 11,41  26  损    大畜
10054,20100512,12 25 29 30 33|10 11,17  25  随    无妄
10055,20100515,13 14 17 27 32|02 10,39  48  蹇    井
10056,20100517,05 09 23 25 30|09 12,1   14  乾    大有
10057,20100519,15 17 24 32 35|07 09,55  34  丰    大壮
10058,20100522,06 15 17 19 30|01 12,7   40  师    解
10059,20100524,06 10 14 25 34|01 03,35  21  晋    噬嗑
10060,20100526,10 13 22 33 34|01 05,60  58  节    兑
10061,20100529,05 12 14 17 22|05 07,28  44  大过  姤
10062,20100531,06 07 18 30 31|07 08,53  20  渐    观
10063,20100602,07 14 16 30 31|03 06,49  13  革    同人
10064,20100605,07 10 12 20 21|06 09,29  8   坎    比
10065,20100607,05 08 13 14 32|08 11,12  35  否    晋
10066,20100609,15 21 22 24 27|01 06,54  51  归妹  震
10067,20100612,01 11 19 30 32|03 10,46  32  升    恒
10068,20100614,11 17 19 20 34|06 10,56  30  旅    离
10069,20100616,06 17 18 25 29|08 09,5   43  需    夬
10070,20100619,05 14 23 25 28|11 12,17  25  随    无妄
10071,20100621,07 12 26 30 32|02 07,59  57  涣    巽
10072,20100623,05 10 17 23 25|03 10,2   23  坤    剥
10073,20100626,04 09 11 30 32|01 11,55  34  丰    大壮
10074,20100628,03 07 20 27 32|02 12,18  57  蛊    巽
10075,20100630,10 12 17 23 27|05 07,31  28  咸    大过
10076,20100703,09 12 16 19 35|02 12,44  6   姤    讼
10077,20100705,06 07 09 17 24|02 12,62  56  小过  旅
10078,20100707,02 03 15 28 35|01 11,26  41  大畜  损
10079,20100710,01 04 21 22 24|02 05,21  25  噬嗑  无妄
10080,20100712,08 19 27 29 34|04 10,29  8   坎    比
10081,20100714,14 18 20 24 27|05 10,12  35  否    晋
10082,20100717,05 08 24 29 30|04 06,37  53  家人  渐
10083,20100719,07 11 21 22 35|04 07,46  32  升    恒
10084,20100721,03 13 14 22 26|02 05,56  30  旅    离
10085,20100724,02 10 16 18 34|02 03,41  26  损    大畜
10086,20100726,01 02 12 19 35|05 07,17  25  随    无妄
10087,20100728,01 12 20 21 24|02 08,59  57  涣    巽
10088,20100731,03 05 14 30 35|03 06,1   14  乾    大有
10089,20100802,04 10 13 18 23|08 10,48  39  井    蹇
10090,20100804,08 24 26 31 32|07 09,33  56  遁    旅
10091,20100807,06 10 23 26 31|05 07,61  59  中孚  涣
10092,20100809,02 15 29 30 34|02 12,24  51  复    震
10093,20100811,02 04 09 28 29|05 08,64  38  未济  睽
10094,20100814,20 32 33 34 35|06 07,26  41  大畜  损
10095,20100816,12 14 16 19 25|01 06,49  13  革    同人
10096,20100818,04 09 24 30 35|01 10,57  59  巽    涣
10097,20100821,09 17 21 28 29|02 08,12  35  否    晋
10098,20100823,02 03 12 13 25|01 07,54  51  归妹  震
10099,20100825,03 11 17 21 30|01 08,27  42  颐    益
10100,20100828,19 20 30 33 35|06 08,56  30  旅    离
10101,20100830,11 15 22 27 35|05 08,5   43  需    夬
10102,20100901,04 15 19 24 35|01 10,50  14  鼎    大有
10103,20100904,10 14 29 30 35|05 08,23  52  剥    艮
10104,20100906,14 25 30 32 33|01 11,58  10  兑    履
10105,20100908,05 17 26 27 35|08 09,42  37  益    家人
10106,20100911,05 27 28 29 34|09 12,33  56  遁    旅
10107,20100913,14 17 22 27 34|03 05,34  55  大壮  丰
10108,20100915,01 10 13 19 34|09 12,22  37  贲    家人
10109,20100918,01 02 08 11 25|10 12,64  38  未济  睽
10110,20100920,21 29 30 33 35|07 11,8   45  比    萃
10111,20100922,03 06 13 14 29|01 02,10  6   履    讼
10112,20100925,14 15 18 34 35|08 10,57  59  巽    涣
10113,20100927,05 16 22 23 32|04 10,15  52  谦    艮
10114,20100929,03 07 22 25 35|03 11,14  38  大有  睽
10115,20101002,05 07 10 15 32|03 08,31  39  咸    蹇
10116,20101004,14 22 27 28 35|04 10,9   57  小畜  巽
10117,20101006,04 06 21 27 34|05 09,36  55  明夷  丰
10118,20101009,19 22 23 29 35|08 10,40  64  解    未济
10119,20101011,05 13 14 23 26|02 03,23  52  剥    艮
10120,20101013,08 10 18 34 35|06 10,58  10  兑    履
10121,20101016,21 22 31 32 34|02 12,48  39  井    蹇
10122,20101018,05 06 11 13 26|02 07,33  56  遁    旅
10123,20101020,18 20 30 32 33|01 11,34  55  大壮  丰
10124,20101023,01 09 27 29 34|01 06,24  51  复    震
10125,20101025,01 07 09 14 19|09 12,64  38  未济  睽
10126,20101027,03 05 09 13 33|05 11,8   45  比    萃
10127,20101030,03 22 24 30 33|04 10,49  13  革    同人
10128,20101101,06 17 19 29 35|02 08,52  23  艮    剥
10129,20101103,14 15 24 25 26|03 07,43  1   夬    乾
10130,20101106,05 06 09 10 34|08 11,3   60  屯    节
10131,20101108,10 15 22 28 29|04 12,6   64  讼    未济
10132,20101110,18 21 23 25 29|06 11,16  40  豫    解
10133,20101113,11 16 17 21 22|03 06,36  55  明夷  丰
10134,20101115,09 12 13 19 30|04 05,50  14  鼎    大有
10135,20101117,14 17 19 26 32|03 04,39  31  蹇    咸
10136,20101120,03 13 18 30 33|07 08,58  10  兑    履
10137,20101122,22 27 28 33 35|09 11,42  37  益    家人
10138,20101124,08 12 14 19 27|05 06,7   4   师    蒙
10139,20101127,03 13 16 19 29|07 09,34  55  大壮  丰
10140,20101129,06 18 20 30 31|03 06,22  37  贲    家人
10141,20101201,05 11 17 23 33|03 10,20  42  观    益
10142,20101204,10 11 19 21 27|04 06,13  25  同人  无妄
10143,20101206,10 16 18 22 27|06 08,32  50  恒    鼎
10144,20101208,02 11 16 22 31|10 11,52  23  艮    剥
10145,20101211,18 19 27 28 33|03 06,38  10  睽    履
10146,20101213,14 17 30 31 34|04 10,3   60  屯    节
10147,20101215,01 15 19 21 23|11 12,6   64  讼    未济
10148,20101218,03 04 08 10 35|02 06,9   57  小畜  巽
10149,20101220,05 22 24 25 30|01 06,36  55  明夷  丰
10150,20101222,05 24 28 29 35|01 09,50  14  鼎    大有
10151,20101225,01 10 32 33 35|03 08,23  52  剥    艮
10152,20101227,02 05 18 22 23|07 12,58  10  兑    履
10153,20101229,06 07 16 24 35|04 06,42  37  益    家人
11001,20110101,07 08 15 32 34|05 12,4   18  蒙    蛊
11002,20110103,11 13 27 28 29|02 06,45  12  萃    否
11003,20110105,01 24 27 30 31|01 06,61  9   中孚  小畜
11004,20110108,07 08 10 23 25|07 09,44  50  姤    鼎
11005,20110110,01 07 25 27 30|07 12,62  32  小过  恒
11006,20110112,02 08 16 26 35|11 12,26  9   大畜  小畜
11007,20110115,14 24 32 33 35|02 09,21  35  噬嗑  晋
11008,20110117,01 23 26 27 30|05 06,29  47  坎    困
11009,20110119,09 10 11 14 24|03 08,12  25  否    无妄
11010,20110122,04 08 10 14 27|05 07,37  42  家人  益
11011,20110124,02 17 23 24 30|02 09,46  18  升    蛊
11012,20110126,03 12 19 25 30|08 11,56  35  旅    晋
11013,20110129,05 08 14 28 30|04 06,41  61  损    中孚
11014,20110131,02 14 20 21 24|02 09,17  58  随    兑
11015,20110209,08 18 19 22 23|01 03,39  31  蹇    咸
11016,20110212,15 20 30 33 35|06 09,58  10  兑    履
11017,20110214,16 19 24 26 31|02 04,42  37  益    家人
11018,20110216,16 22 24 32 34|02 10,7   4   师    蒙
11019,20110219,08 21 23 27 33|06 11,34  55  大壮  丰
11020,20110221,09 12 19 22 28|01 05,22  37  贲    家人
11021,20110223,01 09 13 17 30|02 08,28  31  大过  咸
11022,20110226,09 14 24 25 34|01 04,8   45  比    萃
11023,20110228,05 13 16 18 24|02 12,10  6   履    讼
11024,20110302,12 15 16 20 33|08 12,1   44  乾    姤
11025,20110305,08 09 25 28 29|02 10,42  37  益    家人
11026,20110307,01 09 15 20 29|07 09,7   4   师    蒙
11027,20110309,05 14 25 34 35|02 05,35  56  晋    旅
11028,20110312,01 02 13 17 28|01 04,22  37  贲    家人
11029,20110314,03 09 17 24 28|06 12,28  31  大过  咸
11030,20110316,15 19 25 30 33|03 08,53  52  渐    艮
11031,20110319,12 17 19 22 35|04 11,10  6   履    讼
11032,20110321,07 16 23 31 33|03 10,51  24  震    复
11033,20110323,03 19 24 29 33|03 09,4   41  蒙    损
11034,20110326,03 06 09 17 27|03 09,14  38  大有  睽
11035,20110328,03 04 13 15 32|04 09,63  37  既济  家人
11036,20110330,03 18 29 30 33|08 09,44  6   姤    讼
11037,20110402,01 12 14 22 24|10 12,41  61  损    中孚
11038,20110404,07 09 11 13 33|10 12,17  58  随    兑
11039,20110406,01 11 14 22 34|06 08,59  4   涣    蒙
11040,20110409,03 07 15 18 20|01 06,1   44  乾    姤
11041,20110411,04 05 11 13 25|03 06,55  36  丰    明夷
11042,20110413,06 09 18 30 32|10 12,18  26  蛊    大畜
11043,20110416,02 08 23 33 35|05 10,35  56  晋    旅
11044,20110418,11 21 24 26 31|06 07,60  61  节    中孚
11045,20110420,13 21 22 29 31|07 11,25  13  无妄  同人
11046,20110423,09 15 16 19 29|04 06,53  52  渐    艮
11047,20110425,02 15 22 33 35|05 08,11  36  泰    明夷
11048,20110427,13 17 25 27 28|02 03,30  13  离    同人
11049,20110430,05 06 10 22 25|01 09,4   41  蒙    损
11050,20110502,04 07 29 32 33|08 10,37  42  家人  益
11051,20110504,06 08 12 17 18|05 10,46  18  升    蛊
11052,20110507,13 24 31 32 33|03 09,16  40  豫    解
11053,20110509,03 16 28 31 32|01 09,41  61  损    中孚
11054,20110511,05 09 16 26 35|03 10,17  58  随    兑
11055,20110514,01 07 31 32 35|02 10,39  31  蹇    咸
11056,20110516,03 05 29 30 31|08 10,1   44  乾    姤
11057,20110518,07 11 30 31 34|09 12,55  36  丰    明夷
11058,20110521,01 09 27 32 33|03 06,7   4   师    蒙
11059,20110523,09 16 21 29 34|07 10,35  56  晋    旅
11060,20110525,03 25 29 32 34|09 10,60  61  节    中孚
11061,20110528,06 07 16 18 20|04 10,28  31  大过  咸
11062,20110530,06 10 17 20 21|03 07,53  52  渐    艮
11063,20110601,10 17 18 26 32|01 05,49  43  革    夬
11064,20110604,01 06 27 30 34|01 06,29  47  坎    困
11065,20110606,03 11 14 25 34|01 04,12  25  否    无妄
11066,20110608,06 13 18 20 33|09 10,54  19  归妹  临
11067,20110611,10 17 22 24 32|03 10,46  18  升    蛊
11068,20110613,01 13 16 18 32|07 09,56  35  旅    晋
11069,20110615,03 05 28 29 33|04 12,5   9   需    小畜
11070,20110618,09 19 22 29 30|02 08,17  58  随    兑
11071,20110620,27 31 33 34 35|04 06,59  4   涣    蒙
11072,20110622,03 11 13 20 35|03 08,2   7   坤    师
11073,20110625,13 19 20 22 33|05 11,55  36  丰    明夷
11074,20110627,07 16 23 28 31|03 06,18  26  蛊    大畜
11075,20110629,06 09 20 23 28|06 10,31  39  咸    蹇
11076,20110702,18 23 25 29 30|01 02,44  50  姤    鼎
11077,20110704,05 08 19 33 34|01 12,62  32  小过  恒
11078,20110706,04 09 16 27 30|02 06,26  9   大畜  小畜
11079,20110709,01 03 23 30 31|02 10,21  35  噬嗑  晋
11080,20110711,05 12 30 31 32|01 03,29  47  坎    困
11081,20110713,04 13 20 21 35|02 09,12  25  否    无妄
11082,20110716,07 20 25 30 32|05 09,37  42  家人  益
11083,20110718,06 08 18 20 24|04 08,46  18  升    蛊
11084,20110720,14 29 31 34 35|01 12,56  35  旅    晋
11085,20110723,02 17 19 21 22|03 10,41  61  损    中孚
11086,20110725,04 05 06 09 15|01 06,17  58  随    兑
11087,20110727,06 13 20 25 34|07 09,59  4   涣    蒙
11088,20110730,20 21 27 29 35|03 08,1   44  乾    姤
11089,20110801,05 06 23 27 34|03 04,48  28  井    大过
11090,20110803,02 04 29 30 34|05 08,33  13  遁    同人
11091,20110806,11 17 23 29 30|06 08,61  9   中孚  小畜
11092,20110808,10 17 19 32 33|01 12,24  27  复    颐
11093,20110810,04 06 08 19 31|10 11,64  50  未济  鼎
11094,20110813,11 21 22 32 34|04 08,26  9   大畜  小畜
11095,20110815,09 12 17 19 29|06 11,49  43  革    夬
11096,20110817,03 08 20 24 25|01 02,57  18  巽    蛊
11097,20110820,04 19 28 31 33|11 12,12  25  否    无妄
11098,20110822,06 07 28 33 35|01 10,54  19  归妹  临
11099,20110824,02 06 09 12 20|05 08,27  23  颐    剥
11100,20110827,08 11 13 28 33|08 09,56  35  旅    晋
11101,20110829,05 12 20 28 30|03 07,5   9   需    小畜
11102,20110831,19 24 28 31 34|04 12,13  25  同人  无妄
11103,20110903,03 04 26 29 34|01 03,23  20  剥    观
11104,20110905,07 19 27 28 34|02 05,58  17  兑    随
11105,20110907,02 11 26 32 33|05 12,42  27  益    颐
11106,20110910,01 09 29 30 35|05 09,33  13  遁    同人
11107,20110912,02 06 18 30 32|01 08,34  11  大壮  泰
11108,20110914,07 15 18 24 28|01 07,22  52  贲    艮
11109,20110917,01 11 12 22 34|08 10,64  50  未济  鼎
11110,20110919,30 31 33 34 35|04 07,8   20  比    观
11111,20110921,02 11 13 23 31|11 12,10  1   履    乾
11112,20110924,06 17 28 32 33|08 12,57  18  巽    蛊
11113,20110926,04 05 07 10 12|04 05,15  46  谦    升
11114,20110928,06 08 17 27 35|02 11,14  1   大有  乾
11115,20111001,17 26 30 31 35|06 11,31  33  咸    遁
11116,20111003,10 15 18 19 26|07 12,9   61  小畜  中孚
11117,20111005,10 12 28 32 33|03 05,36  22  明夷  贲
11118,20111008,04 07 11 32 35|05 07,40  16  解    豫
11119,20111010,04 15 20 26 31|06 12,23  20  剥    观
11120,20111012,20 25 26 30 31|09 10,58  17  兑    随
11121,20111015,02 03 30 31 33|03 09,48  28  井    大过
11122,20111017,03 08 23 24 34|05 12,33  13  遁    同人
11123,20111019,10 14 18 19 35|01 06,34  11  大壮  泰
11124,20111022,08 12 14 20 25|06 08,24  27  复    颐
11125,20111024,07 10 27 34 35|10 12,64  50  未济  鼎
11126,20111026,07 17 29 30 33|10 12,8   20  比    观
11127,20111029,01 11 22 26 29|05 08,49  43  革    夬
11128,20111031,03 04 06 11 13|01 02,57  18  巽    蛊
11129,20111102,01 07 13 18 23|04 08,43  49  夬    革
11130,20111105,08 09 13 23 35|11 12,3   17  屯    随
11131,20111107,03 05 12 18 33|07 11,6   10  讼    履
11132,20111109,12 14 16 19 33|02 09,16  2   豫    坤
11133,20111112,04 11 23 26 35|03 12,36  22  明夷  贲
11134,20111114,01 10 12 14 17|09 10,50  64  鼎    未济
11135,20111116,06 22 29 33 35|03 12,39  53  蹇    渐
11136,20111119,08 09 11 19 33|03 12,58  17  兑    随
11137,20111121,02 15 18 23 31|01 02,42  27  益    颐
11138,20111123,17 23 26 30 32|06 12,7   2   师    坤
11139,20111126,04 06 10 15 16|03 04,34  11  大壮  泰
11140,20111128,01 12 32 33 34|09 11,22  52  贲    艮
11141,20111130,02 11 19 22 35|10 12,28  48  大过  井
11142,20111203,04 26 30 33 34|04 06,13  30  同人  离
11143,20111205,08 09 12 25 33|07 10,32  62  恒    小过
11144,20111207,07 18 24 28 33|02 03,52  53  艮    渐
11145,20111210,07 15 19 24 29|04 06,38  64  睽    未济
11146,20111212,09 13 19 29 34|02 11,3   17  屯    随
11147,20111214,01 15 16 27 28|02 07,6   10  讼    履
11148,20111217,07 10 11 26 31|03 04,9   61  小畜  中孚
11149,20111219,02 07 12 29 31|03 05,36  22  明夷  贲
11150,20111221,13 22 30 33 34|06 12,50  64  鼎    未济
11151,20111224,07 11 14 20 27|03 10,23  20  剥    观
11152,20111226,01 04 06 21 35|02 11,58  17  兑    随
11153,20111228,06 22 29 30 35|03 05,42  27  益    颐
11154,20111231,04 12 16 20 28|08 11,33  13  遁    同人
12001,20120102,07 27 28 32 33|01 12,12  33  否    遁
12002,20120104,03 11 14 26 29|07 08,54  38  归妹  睽
12003,20120107,16 22 24 33 34|03 10,46  15  升    谦
12004,20120109,10 11 22 31 32|06 07,56  33  旅    遁
12005,20120111,01 02 29 31 33|07 12,5   63  需    既济
12006,20120114,03 20 22 25 27|01 09,17  3   随    屯
12007,20120116,04 05 13 17 25|07 10,59  61  涣    中孚
12008,20120118,06 08 30 31 32|01 11,2   16  坤    豫
12009,20120121,06 14 20 29 35|09 10,55  30  丰    离
12010,20120130,25 26 29 32 34|05 07,3   60  屯    节
12011,20120201,05 19 22 29 30|02 04,35  12  晋    否
12012,20120204,06 18 22 30 35|02 07,22  52  贲    艮
12013,20120206,07 08 11 12 24|01 02,28  48  大过  井
12014,20120208,10 14 24 30 32|01 12,53  37  渐    家人
12015,20120211,12 13 24 26 33|06 08,10  1   履    乾
12016,20120213,05 14 20 29 31|08 12,51  21  震    噬嗑
12017,20120215,06 11 22 29 34|03 12,4   18  蒙    蛊
12018,20120218,03 10 14 29 31|04 08,14  1   大有  乾
12019,20120220,07 09 17 30 34|01 12,63  5   既济  需
12020,20120222,12 14 27 29 34|03 06,44  50  姤    鼎
12021,20120225,10 15 21 31 34|07 08,20  42  观    益
12022,20120227,07 12 20 33 35|01 10,19  54  临    归妹
12023,20120229,07 09 17 29 35|09 10,21  35  噬嗑  晋
12024,20120303,03 11 17 21 30|03 07,30  56  离    旅
12025,20120305,01 02 05 12 27|04 07,48  28  井    大过
12026,20120307,10 11 22 23 29|02 09,33  13  遁    同人
12027,20120310,03 10 11 22 31|05 07,61  9   中孚  小畜
12028,20120312,10 12 15 33 34|03 10,24  27  复    颐
12029,20120314,04 07 08 18 29|07 10,64  50  未济  鼎
12030,20120317,03 21 22 26 32|01 03,26  9   大畜  小畜
12031,20120319,19 21 23 25 30|03 08,49  43  革    夬
12032,20120321,07 08 16 26 34|07 11,57  18  巽    蛊
12033,20120324,08 13 19 27 32|01 08,12  25  否    无妄
12034,20120326,01 08 15 16 29|08 09,54  19  归妹  临
12035,20120328,01 04 30 32 35|08 12,27  23  颐    剥
12036,20120331,01 09 20 30 31|08 12,56  35  旅    晋
12037,20120402,09 13 27 31 35|03 10,36  22  明夷  贲
12038,20120404,11 23 25 31 35|01 03,50  64  鼎    未济
12039,20120407,15 21 22 24 35|01 05,23  20  剥    观
12040,20120409,02 13 23 28 29|01 05,58  17  兑    随
12041,20120411,01 02 13 22 23|02 10,42  27  益    颐
12042,20120414,07 24 27 28 35|07 12,33  13  遁    同人
12043,20120416,01 06 25 31 34|03 09,34  11  大壮  泰
12044,20120418,03 04 14 32 35|01 02,22  52  贲    艮
12045,20120421,05 11 17 20 28|11 12,64  50  未济  鼎
12046,20120423,04 08 19 23 27|04 11,8   20  比    观
12047,20120425,05 07 17 30 34|03 10,10  1   履    乾
12048,20120428,06 09 26 30 35|05 06,57  18  巽    蛊
12049,20120430,09 18 22 27 31|10 12,15  46  谦    升
12050,20120502,13 17 22 28 29|01 10,3   17  屯    随
12051,20120505,01 02 17 18 33|05 12,31  33  咸    遁
12052,20120507,10 20 26 31 33|10 12,9   61  小畜  中孚
12053,20120509,11 12 26 28 31|07 12,36  22  明夷  贲
12054,20120512,01 16 18 27 30|10 11,40  16  解    豫
12055,20120514,07 22 26 32 33|01 08,23  20  剥    观
12056,20120516,11 21 23 26 34|07 09,58  17  兑    随
12057,20120519,01 02 14 33 34|03 05,48  28  井    大过
12058,20120521,13 21 29 31 35|04 12,33  13  遁    同人
12059,20120523,09 13 19 21 27|03 04,34  11  大壮  泰
12060,20120526,02 16 21 24 30|06 10,24  27  复    颐
12061,20120528,05 10 14 27 33|07 09,64  50  未济  鼎
12062,20120530,21 32 33 34 35|08 09,8   20  比    观
12063,20120602,11 25 26 29 35|01 02,32  62  恒    小过
12064,20120604,09 12 13 15 30|09 10,52  53  艮    渐
12065,20120606,10 22 28 29 34|05 11,43  49  夬    革
12066,20120609,01 20 25 29 33|04 06,3   17  屯    随
12067,20120611,20 22 27 30 33|01 02,6   10  讼    履
12068,20120613,01 21 31 32 35|03 06,16  2   豫    坤
12069,20120616,02 04 22 25 34|02 11,36  22  明夷  贲
12070,20120618,09 22 23 32 34|06 08,50  64  鼎    未济
12071,20120620,13 23 29 31 34|06 08,39  53  蹇    渐
12072,20120623,04 08 17 22 25|04 10,58  17  兑    随
12073,20120625,18 23 29 33 34|02 07,42  27  益    颐
12074,20120627,10 22 23 30 32|01 07,7   2   师    坤
12075,20120630,07 09 10 18 22|05 10,34  11  大壮  泰
12076,20120702,02 14 16 22 24|02 05,47  6   困    讼
12077,20120704,10 30 32 33 34|02 03,20  53  观    渐
12078,20120707,01 02 23 25 35|05 12,13  30  同人  离
12079,20120709,01 05 25 32 33|01 10,32  62  恒    小过
12080,20120711,11 12 14 25 28|02 05,52  53  艮    渐
12081,20120714,10 16 17 30 35|01 08,38  64  睽    未济
12082,20120716,02 04 09 10 15|08 10,3   17  屯    随
12083,20120718,16 19 28 29 31|05 08,6   10  讼    履
12084,20120721,21 24 27 29 31|01 02,9   61  小畜  中孚
12085,20120723,07 18 29 31 33|10 12,36  22  明夷  贲
12086,20120725,03 20 25 29 32|05 10,50  64  鼎    未济
12087,20120728,01 06 07 21 31|04 11,23  20  剥    观
12088,20120730,13 17 24 30 35|02 10,58  17  兑    随
12089,20120801,06 12 21 29 32|06 11,4   59  蒙    涣
12090,20120804,02 21 27 29 33|02 10,14  50  大有  鼎
12091,20120806,03 10 28 31 33|01 09,63  49  既济  革
12092,20120808,08 09 23 25 31|02 12,44  1   姤    乾
12093,20120811,02 16 21 31 33|04 11,20  53  观    渐
12094,20120813,02 14 23 32 35|01 10,19  41  临    损
12095,20120815,06 09 22 27 30|08 12,21  30  噬嗑  离
12096,20120818,05 10 19 24 35|08 09,52  53  艮    渐
12097,20120820,09 17 24 29 32|01 02,43  49  夬    革
12098,20120822,02 11 28 29 30|06 12,37  22  家人  贲
12099,20120825,12 18 24 25 32|02 12,6   10  讼    履
12100,20120827,07 09 13 19 27|01 03,16  2   豫    坤
12101,20120829,02 05 08 09 31|03 07,41  4   损    蒙
12102,20120901,02 04 06 13 35|04 08,53  20  渐    观
12103,20120903,02 09 18 23 24|01 04,11  26  泰    大畜
12104,20120905,16 18 24 25 27|04 09,30  21  离    噬嗑
12105,20120908,05 06 14 15 31|06 08,4   59  蒙    涣
12106,20120910,15 23 25 29 31|09 10,45  47  萃    困
12107,20120912,04 07 09 22 33|01 03,61  41  中孚  损
12108,20120915,06 07 12 24 35|02 06,44  1   姤    乾
12109,20120917,01 22 30 32 35|09 11,62  15  小过  谦
12110,20120919,01 11 17 19 26|05 12,26  18  大畜  蛊
12111,20120922,01 24 25 30 33|04 11,21  30  噬嗑  离
12112,20120924,01 02 28 31 35|05 07,29  59  坎    涣
12113,20120926,03 10 22 27 29|03 12,12  33  否    遁
12114,20120929,03 06 21 33 35|01 07,37  22  家人  贲
12115,20121001,01 06 13 19 23|06 09,35  21  晋    噬嗑
12116,20121003,01 11 18 20 22|07 10,60  58  节    兑
12117,20121006,01 12 18 21 33|07 08,28  44  大过  姤
12118,20121008,05 17 25 30 33|01 12,53  20  渐    观
12119,20121010,05 06 09 19 32|06 09,11  26  泰    大畜
12120,20121013,02 10 21 23 29|03 04,51  54  震    归妹
12121,20121015,07 18 20 29 30|05 06,4   59  蒙    涣
12122,20121017,23 24 25 29 31|03 12,45  47  萃    困
12123,20121020,05 08 18 30 33|01 09,63  49  既济  革
12124,20121022,07 11 19 20 35|05 10,44  1   姤    乾
12125,20121024,06 14 17 22 35|01 02,62  15  小过  谦
12126,20121027,13 14 21 28 29|05 10,19  41  临    损
12127,20121029,12 13 14 25 35|10 12,21  30  噬嗑  离
12128,20121031,09 10 19 30 31|04 11,29  59  坎    涣
12129,20121103,01 07 21 28 31|03 09,55  34  丰    大壮
12130,20121105,14 19 23 29 30|06 07,18  57  蛊    巽
12131,20121107,02 16 18 27 30|08 12,31  28  咸    大过
12132,20121110,05 08 21 25 33|01 11,60  58  节    兑
12133,20121112,05 07 13 29 30|01 05,25  12  无妄  否
12134,20121114,01 06 18 32 35|02 07,40  7   解    师
12135,20121117,03 05 17 18 33|06 07,11  26  泰    大畜
12136,20121119,02 23 29 30 31|01 04,30  21  离    噬嗑
12137,20121121,03 12 20 21 27|01 06,48  57  井    巽
12138,20121124,13 17 27 31 33|06 12,45  47  萃    困
12139,20121126,09 10 12 22 25|04 11,61  41  中孚  损
12140,20121128,07 17 27 28 29|09 10,24  19  复    临
12141,20121201,03 11 19 23 34|02 12,41  26  损    大畜
12142,20121203,15 19 29 34 35|07 10,17  25  随    无妄
12143,20121205,09 27 29 30 31|03 06,59  57  涣    巽
12144,20121208,11 13 14 21 29|01 10,1   14  乾    大有
12145,20121210,05 22 31 33 35|06 09,55  34  丰    大壮
12146,20121212,01 10 13 17 26|06 08,18  57  蛊    巽
12147,20121215,02 03 17 19 33|02 09,35  21  晋    噬嗑
12148,20121217,04 16 27 29 34|06 11,60  58  节    兑
12149,20121219,02 10 23 33 34|05 10,25  12  无妄  否
12150,20121222,02 14 18 24 31|02 03,53  20  渐    观
12151,20121224,03 19 20 24 33|03 04,11  26  泰    大畜
12152,20121226,04 17 26 33 34|02 08,30  21  离    噬嗑
12153,20121229,08 09 10 13 22|05 10,4   59  蒙    涣
12154,20121231,03 26 27 31 32|03 09,45  47  萃    困
13001,20130102,06 09 11 31 32|05 11,43  5   夬    需
13002,20130105,04 20 27 31 32|06 12,3   42  屯    益
13003,20130107,01 16 18 21 31|09 12,6   44  讼    姤
13004,20130109,07 08 12 20 25|03 07,16  35  豫    晋
13005,20130112,18 22 26 28 31|10 12,36  11  明夷  泰
13006,20130114,08 20 25 31 32|05 07,50  44  鼎    姤
13007,20130116,14 29 32 33 34|03 06,39  48  蹇    井
13008,20130119,02 07 25 29 34|03 06,58  60  兑    节
13009,20130121,10 17 19 27 29|05 12,42  20  益    观
13010,20130123,09 15 17 18 29|09 11,7   40  师    解
13011,20130126,01 02 08 15 23|06 09,34  14  大壮  大有
13012,20130128,01 14 31 32 34|02 11,22  27  贲    颐
13013,20130130,13 15 29 30 35|01 11,28  44  大过  姤
13014,20130202,05 08 25 29 31|02 04,19  24  临    复
13015,20130204,14 15 26 32 33|01 11,21  25  噬嗑  无妄
13016,20130206,05 15 19 27 32|08 09,29  8   坎    比
13017,20130216,11 14 22 29 34|05 11,12  33  否    遁
13018,20130218,20 23 31 33 34|03 09,54  38  归妹  睽
13019,20130220,06 12 17 29 30|07 11,27  22  颐    贲
13020,20130223,06 11 20 31 32|05 09,56  33  旅    遁
13021,20130225,23 24 28 30 33|01 11,5   63  需    既济
13022,20130227,03 04 13 17 23|03 08,13  30  同人  离
13023,20130302,05 19 24 26 35|05 07,49  63  革    既济
13024,20130304,09 12 14 18 24|01 04,57  9   巽    小畜
13025,20130306,03 23 25 26 28|10 12,15  62  谦    小过
13026,20130309,02 10 16 30 33|05 06,54  38  归妹  睽
13027,20130311,03 12 14 24 35|03 08,27  22  颐    贲
13028,20130313,13 19 28 30 34|08 12,47  6   困    讼
13029,20130316,05 07 17 25 26|04 10,5   63  需    既济
13030,20130318,03 05 09 10 28|05 07,13  30  同人  离
13031,20130320,12 17 18 26 32|10 11,32  62  恒    小过
13032,20130323,12 27 28 33 35|01 08,2   16  坤    豫
13033,20130325,12 18 22 28 31|01 11,38  64  睽    未济
13034,20130327,01 03 11 19 29|04 08,3   17  屯    随
13035,20130330,05 14 28 32 34|07 08,31  33  咸    遁
13036,20130401,08 12 32 33 35|03 05,22  27  贲    颐
13037,20130403,02 26 31 32 34|06 08,28  44  大过  姤
13038,20130406,01 19 24 25 26|07 09,8   29  比    坎
13039,20130408,06 23 30 33 35|07 10,10  38  履    睽
13040,20130410,16 17 22 26 35|03 10,51  54  震    归妹
13041,20130413,03 13 14 15 34|05 08,15  62  谦    小过
13042,20130415,02 06 22 23 33|01 06,14  50  大有  鼎
13043,20130417,07 13 25 34 35|07 09,63  49  既济  革
13044,20130420,07 11 13 18 28|05 10,47  6   困    讼
13045,20130422,08 11 12 21 25|02 07,20  53  观    渐
13046,20130424,15 16 19 25 32|05 11,19  41  临    损
13047,20130427,12 20 28 30 35|03 11,32  62  恒    小过
13048,20130429,10 11 23 32 33|01 04,52  53  艮    渐
13049,20130501,18 22 25 31 32|04 06,42  20  益    观
13050,20130504,14 22 30 32 33|07 08,33  12  遁    否
13051,20130506,05 08 15 18 33|07 08,34  14  大壮  大有
13052,20130508,01 02 10 29 31|01 10,22  27  贲    颐
13053,20130511,13 31 33 34 35|05 07,64  6   未济  讼
13054,20130513,05 08 21 30 32|01 08,8   29  比    坎
13055,20130515,04 05 22 23 24|03 09,10  38  履    睽
13056,20130518,11 22 30 32 35|03 04,57  9   巽    小畜
13057,20130520,07 15 27 33 35|07 10,15  62  谦    小过
13058,20130522,20 21 27 31 35|07 11,14  50  大有  鼎
13059,20130525,03 08 11 24 27|07 12,27  22  颐    贲
13060,20130527,15 25 26 32 35|05 10,47  6   困    讼
13061,20130529,01 14 18 21 32|05 10,20  53  观    渐
13062,20130601,01 05 08 09 12|09 12,50  44  鼎    姤
13063,20130603,03 05 11 27 28|05 06,39  48  蹇    井
13064,20130605,21 24 26 28 32|01 03,1   14  乾    大有
13065,20130608,09 28 31 34 35|02 09,42  20  益    观
13066,20130610,06 07 13 33 34|02 11,7   40  师    解
13067,20130612,02 03 05 08 29|10 12,35  21  晋    噬嗑
13068,20130615,10 17 27 34 35|05 07,22  27  贲    颐
13069,20130617,06 12 13 16 30|07 12,28  44  大过  姤
13070,20130619,09 12 18 21 29|01 08,53  20  渐    观
13071,20130622,13 19 26 27 28|03 11,10  38  履    睽
13072,20130624,12 27 28 33 35|03 05,51  54  震    归妹
13073,20130626,03 05 23 27 31|02 06,4   59  蒙    涣
13074,20130629,06 14 20 24 32|01 07,14  50  大有  鼎
13075,20130701,01 11 13 19 35|07 08,6   44  讼    姤
13076,20130703,13 15 16 26 27|09 10,16  35  豫    晋
13077,20130706,24 26 30 32 35|06 12,36  11  明夷  泰
13078,20130708,02 07 23 31 33|02 08,50  44  鼎    姤
13079,20130710,09 10 17 21 34|01 07,39  48  蹇    井
13080,20130713,06 21 23 27 31|04 06,58  60  兑    节
13081,20130715,07 09 15 17 23|02 07,42  20  益    观
13082,20130717,03 09 25 26 33|03 12,7   40  师    解
13083,20130720,26 29 30 32 35|04 10,34  14  大壮  大有
13084,20130722,08 22 26 29 35|01 05,22  27  贲    颐
13085,20130724,08 19 23 27 32|03 05,28  44  大过  姤
13086,20130727,09 16 26 29 31|06 09,8   29  比    坎
13087,20130729,09 12 22 32 34|02 04,10  38  履    睽
13088,20130731,03 05 08 33 35|01 03,51  54  震    归妹
13089,20130803,06 07 23 24 29|04 11,43  5   夬    需
13090,20130805,02 26 30 31 33|11 12,37  53  家人  渐
13091,20130807,04 09 28 34 35|02 08,46  32  升    恒
13092,20130810,07 10 21 27 33|03 09,16  35  豫    晋
13093,20130812,01 05 17 18 26|05 07,41  26  损    大畜
13094,20130814,03 28 33 34 35|06 09,17  25  随    无妄
13095,20130817,03 17 28 30 33|01 10,39  48  蹇    井
13096,20130819,17 19 20 22 26|06 08,1   14  乾    大有
13097,20130821,07 08 13 17 32|03 08,55  34  丰    大壮
13098,20130824,02 06 16 29 34|10 11,7   40  师    解
13099,20130826,04 11 28 30 33|05 12,35  21  晋    噬嗑
13100,20130828,09 12 24 26 30|05 09,60  58  节    兑
13101,20130831,04 09 13 15 32|02 09,28  44  大过  姤
13102,20130902,06 12 15 19 26|02 11,26  41  大畜  损
13103,20130904,05 08 13 16 31|03 09,49  13  革    同人
13104,20130907,02 05 11 27 29|01 11,29  8   坎    比
13105,20130909,07 13 27 30 34|01 12,12  35  否    晋
13106,20130911,06 07 12 13 27|03 12,54  51  归妹  震
13107,20130914,07 13 14 18 25|05 12,46  32  升    恒
13108,20130916,05 10 13 15 18|02 11,56  30  旅    离
13109,20130918,13 20 26 29 32|02 06,5   43  需    夬
13110,20130921,07 16 18 32 33|02 07,17  25  随    无妄
13111,20130923,07 12 13 20 27|01 03,59  57  涣    巽
13112,20130925,02 10 20 22 29|05 12,2   23  坤    剥
13113,20130928,19 21 23 28 30|08 12,55  34  丰    大壮
13114,20130930,06 17 21 23 33|01 09,18  57  蛊    巽
13115,20131002,05 16 29 32 34|04 11,61  59  中孚  涣
13116,20131005,13 22 23 30 33|09 11,44  6   姤    讼
13117,20131007,05 16 23 25 33|07 12,62  56  小过  旅
13118,20131009,04 06 11 20 31|01 05,26  41  大畜  损
13119,20131012,01 02 16 23 35|01 11,21  25  噬嗑  无妄
13120,20131014,06 14 15 22 26|03 11,29  8   坎    比
13121,20131016,03 18 19 20 24|03 12,12  35  否    晋
13122,20131019,15 17 20 24 35|04 12,37  53  家人  渐
13123,20131021,02 09 10 33 34|05 12,46  32  升    恒
13124,20131023,05 07 18 21 32|10 11,56  30  旅    离
13125,20131026,04 08 14 23 28|04 08,41  26  损    大畜
13126,20131028,09 10 15 18 30|03 06,17  25  随    无妄
13127,20131030,03 14 16 19 32|05 10,59  57  涣    巽
13128,20131102,11 13 27 33 35|01 02,30  13  离    同人
13129,20131104,11 23 29 30 33|01 04,48  39  井    蹇
13130,20131106,08 09 15 19 30|06 09,33  56  遁    旅
13131,20131109,12 15 29 30 31|04 12,61  59  中孚  涣
13132,20131111,23 26 28 31 34|02 10,24  51  复    震
13133,20131113,02 08 10 16 17|09 12,64  38  未济  睽
13134,20131116,02 13 19 23 32|02 09,26  41  大畜  损
13135,20131118,04 13 19 25 26|07 12,49  13  革    同人
13136,20131120,05 11 15 25 28|05 11,57  59  巽    涣
13137,20131123,04 12 32 33 34|06 08,12  35  否    晋
13138,20131125,03 08 13 17 24|07 09,54  51  归妹  震
13139,20131127,05 06 18 20 31|06 07,27  42  颐    益
13140,20131130,01 12 17 26 28|01 06,56  30  旅    离
13141,20131202,05 15 18 25 31|08 10,25  13  无妄  同人
13142,20131204,06 11 25 28 29|04 12,40  64  解    未济
13143,20131207,03 08 14 21 31|06 08,11  36  泰    明夷
13144,20131209,03 20 21 23 35|02 08,30  13  离    同人
13145,20131211,02 13 15 18 20|02 11,48  39  井    蹇
13146,20131214,06 07 15 25 31|01 09,45  8   萃    比
13147,20131216,03 09 22 24 25|05 09,61  59  中孚  涣
13148,20131218,02 05 09 29 32|03 07,24  51  复    震
13149,20131221,06 07 08 09 13|05 07,62  56  小过  旅
13150,20131223,06 07 14 18 22|08 11,26  41  大畜  损
13151,20131225,02 13 21 27 30|03 04,49  13  革    同人
13152,20131228,09 12 14 18 19|03 09,29  8   坎    比
13153,20131230,04 05 16 17 30|03 09,12  35  否    晋
14001,20140101,05 13 20 23 29|08 11,43  1   夬    乾
14002,20140104,01 12 21 24 29|01 07,3   60  屯    节
14003,20140106,07 11 13 21 33|05 06,6   64  讼    未济
14004,20140108,07 10 19 27 28|09 12,16  40  豫    解
14005,20140111,15 17 18 29 33|04 08,36  55  明夷  丰
14006,20140113,01 04 07 16 35|06 08,50  14  鼎    大有
14007,20140115,08 11 14 21 32|03 11,39  31  蹇    咸
14008,20140118,11 13 20 28 35|01 05,58  10  兑    履
14009,20140120,10 18 25 29 33|07 08,42  37  益    家人
14010,20140122,05 10 20 26 27|01 03,7   4   师    蒙
14011,20140125,04 06 14 24 35|07 12,34  55  大壮  丰
14012,20140127,09 20 21 23 29|05 07,22  37  贲    家人
14013,20140129,10 11 13 22 28|04 12,28  31  大过  咸
14014,20140208,01 09 11 27 29|03 11,26  41  大畜  损
14015,20140210,04 06 18 20 30|05 07,49  13  革    同人
14016,20140212,04 06 13 24 34|04 09,57  59  巽    涣
14017,20140215,05 10 11 23 34|01 10,12  35  否    晋
14018,20140217,08 09 12 28 34|02 12,54  51  归妹  震
14019,20140219,07 12 22 29 32|11 12,27  42  颐    益
14020,20140222,01 14 17 30 35|06 07,56  30  旅    离
14021,20140224,06 10 17 23 24|03 09,5   43  需    夬
14022,20140226,03 06 10 16 25|10 11,13  33  同人  遁
14023,20140301,04 13 15 29 33|05 09,49  13  革    同人
14024,20140303,07 11 15 31 32|06 11,57  59  巽    涣
14025,20140305,19 20 27 32 34|06 08,15  52  谦    艮
14026,20140308,05 10 12 15 26|04 08,54  51  归妹  震
14027,20140310,09 10 24 28 29|10 12,27  42  颐    益
14028,20140312,03 10 20 25 30|10 12,47  45  困    萃
14029,20140315,03 21 22 23 35|05 09,5   43  需    夬
14030,20140317,03 14 18 29 35|11 12,13  33  同人  遁
14031,20140319,06 15 27 32 33|03 04,32  46  恒    升
14032,20140322,02 05 06 09 31|02 09,2   23  坤    剥
14033,20140324,01 07 08 28 29|04 08,38  14  睽    大有
14034,20140326,03 11 14 27 32|05 07,3   42  屯    益
14035,20140329,09 12 14 28 29|03 10,31  28  咸    大过
14036,20140331,01 02 12 17 29|03 08,9   26  小畜  大畜
14037,20140402,03 04 08 19 34|02 04,28  31  大过  咸
14038,20140405,07 08 12 20 32|03 05,8   45  比    萃
14039,20140407,02 05 11 15 20|08 11,10  6   履    讼
14040,20140409,12 15 21 30 33|02 08,51  24  震    复
14041,20140412,05 07 11 15 18|05 12,15  52  谦    艮
14042,20140414,16 21 25 27 35|06 11,14  38  大有  睽
14043,20140416,01 11 23 29 30|01 12,63  37  既济  家人
14044,20140419,22 23 25 27 35|03 11,47  45  困    萃
14045,20140421,06 10 12 16 30|02 11,20  23  观    剥
14046,20140423,03 15 18 21 26|01 06,19  24  临    复
14047,20140426,06 17 18 30 34|06 12,32  46  恒    升
14048,20140428,01 02 05 15 35|01 11,52  22  艮    贲
14049,20140430,03 15 17 22 31|03 05,43  5   夬    需
14050,20140503,10 18 27 28 35|01 06,33  56  遁    旅
14051,20140505,01 07 11 29 30|03 11,34  55  大壮  丰
14052,20140507,14 19 21 24 30|02 07,22  37  贲    家人
14053,20140510,02 11 17 27 30|03 04,64  38  未济  睽
14054,20140512,02 03 20 25 34|01 12,8   45  比    萃
14055,20140514,04 23 26 27 35|10 11,10  6   履    讼
14056,20140517,12 18 28 29 35|07 08,57  59  巽    涣
14057,20140519,08 10 20 27 33|01 09,15  52  谦    艮
14058,20140521,09 15 22 24 26|02 07,14  38  大有  睽
14059,20140524,07 15 17 25 29|04 11,27  42  颐    益
14060,20140526,12 22 29 30 34|05 11,47  45  困    萃
14061,20140528,04 11 17 20 29|06 10,20  23  观    剥
14062,20140531,04 07 17 24 25|02 04,13  33  同人  遁
14063,20140602,11 17 21 23 34|03 04,39  31  蹇    咸
14064,20140604,08 15 33 34 35|01 08,1   44  乾    姤
14065,20140607,07 12 19 31 33|07 12,42  37  益    家人
14066,20140609,08 14 16 20 31|03 11,7   4   师    蒙
14067,20140611,03 18 23 24 31|03 07,35  56  晋    旅
14068,20140614,05 15 24 29 35|05 06,22  37  贲    家人
14069,20140616,16 22 27 29 31|02 09,28  31  大过  咸
14070,20140618,01 02 07 10 32|04 12,53  52  渐    艮
14071,20140621,04 14 15 22 23|01 07,10  6   履    讼
14072,20140623,17 19 22 24 30|02 09,51  24  震    复
14073,20140625,04 05 07 13 35|05 06,4   41  蒙    损
14074,20140628,06 11 22 27 30|05 11,14  38  大有  睽
14075,20140630,05 07 29 32 35|04 10,63  37  既济  家人
14076,20140702,05 10 19 31 32|09 10,16  40  豫    解
14077,20140705,09 16 26 31 32|01 05,36  55  明夷  丰
14078,20140707,10 15 16 22 28|04 05,50  14  鼎    大有
14079,20140709,09 10 20 31 32|06 10,39  31  蹇    咸
14080,20140712,17 20 23 25 27|03 10,58  10  兑    履
14081,20140714,03 05 08 10 25|09 12,42  37  益    家人
14082,20140716,01 08 18 23 25|08 12,7   4   师    蒙
14083,20140719,18 20 24 33 35|05 10,34  55  大壮  丰
14084,20140721,02 07 09 11 28|05 09,22  37  贲    家人
14085,20140723,06 12 13 25 29|11 12,28  31  大过  咸
14086,20140726,06 08 27 29 35|03 09,8   45  比    萃
14087,20140728,04 07 31 33 35|09 10,10  6   履    讼
14088,20140730,07 13 20 25 26|08 11,51  24  震    复
14089,20140802,02 08 12 29 30|07 12,43  1   夬    乾
14090,20140804,02 03 20 23 28|06 08,37  42  家人  益
14091,20140806,10 16 18 29 32|02 07,46  18  升    蛊
14092,20140809,02 18 27 30 32|05 11,16  40  豫    解
14093,20140811,03 08 30 32 34|09 11,41  61  损    中孚
14094,20140813,13 14 24 25 34|04 07,17  58  随    兑
14095,20140816,06 22 30 31 34|05 06,39  31  蹇    咸
14096,20140818,03 07 21 23 31|05 10,1   44  乾    姤
14097,20140820,03 15 20 21 23|07 09,55  36  丰    明夷
14098,20140823,16 18 22 25 35|03 10,7   4   师    蒙
14099,20140825,15 21 22 23 33|01 07,35  56  晋    旅
14100,20140827,02 04 08 12 35|01 07,60  61  节    中孚
14101,20140830,09 10 12 17 28|03 11,28  31  大过  咸
14102,20140901,01 07 14 19 20|03 12,26  9   大畜  小畜
14103,20140903,14 20 23 25 26|10 12,49  43  革    夬
14104,20140906,07 13 14 28 32|04 11,29  47  坎    困
14105,20140908,04 10 26 29 32|04 08,12  25  否    无妄
14106,20140910,05 09 11 20 22|05 11,54  19  归妹  临
14107,20140913,05 13 14 21 34|08 10,46  18  升    蛊
14108,20140915,01 02 13 23 35|09 12,56  35  旅    晋
14109,20140917,15 18 20 21 23|01 02,5   9   需    小畜
14110,20140920,09 18 19 22 24|08 11,17  58  随    兑
14111,20140922,11 16 18 20 29|03 04,59  4   涣    蒙
14112,20140924,03 05 14 18 32|02 10,2   7   坤    师
14113,20140927,02 13 17 19 23|01 06,55  36  丰    明夷
14114,20140929,03 16 24 30 33|05 08,18  26  蛊    大畜
14115,20141001,01 05 26 29 30|02 10,61  9   中孚  小畜
14116,20141004,06 13 15 24 27|04 05,44  50  姤    鼎
14117,20141006,03 14 17 18 33|06 09,62  32  小过  恒
14118,20141008,02 03 23 24 26|05 11,26  9   大畜  小畜
14119,20141011,04 08 09 13 18|08 12,21  35  噬嗑  晋
14120,20141013,01 04 06 18 33|05 11,29  47  坎    困
14121,20141015,13 16 18 22 32|08 10,12  25  否    无妄
14122,20141018,03 10 25 26 35|01 07,37  42  家人  益
14123,20141020,01 09 12 22 25|02 09,46  18  升    蛊
14124,20141022,01 03 28 29 35|08 12,56  35  旅    晋
14125,20141025,12 15 19 23 31|04 10,41  61  损    中孚
14126,20141027,02 09 22 30 34|09 10,17  58  随    兑
14127,20141029,02 04 06 15 19|02 11,59  4   涣    蒙
14128,20141101,02 04 16 22 34|08 11,30  56  离    旅
14129,20141103,07 22 28 30 32|05 06,48  28  井    大过
14130,20141105,02 18 31 32 33|05 07,33  13  遁    同人
14131,20141108,03 16 19 23 27|03 07,61  9   中孚  小畜
14132,20141110,01 03 04 19 32|01 07,24  27  复    颐
14133,20141112,02 08 12 14 18|04 12,64  50  未济  鼎
14134,20141115,02 05 07 11 32|09 12,26  9   大畜  小畜
14135,20141117,20 26 28 30 35|09 12,49  43  革    夬
14136,20141119,04 18 20 34 35|07 11,57  18  巽    蛊
14137,20141122,02 11 16 22 34|02 05,12  25  否    无妄
14138,20141124,01 07 29 32 34|09 12,54  19  归妹  临
14139,20141126,03 05 07 15 34|01 10,27  23  颐    剥
14140,20141129,01 19 20 25 34|07 12,56  35  旅    晋
14141,20141201,04 17 20 26 29|05 08,25  21  无妄  噬嗑
14142,20141203,18 21 25 28 30|04 06,40  16  解    豫
14143,20141206,01 11 14 18 25|06 10,11  34  泰    大壮
14144,20141208,01 21 24 25 35|04 11,30  56  离    旅
14145,20141210,15 19 22 24 26|10 11,48  28  井    大过
14146,20141213,02 16 23 24 28|10 11,45  12  萃    否
14147,20141215,05 09 14 26 34|02 09,61  9   中孚  小畜
14148,20141217,03 09 10 11 20|07 09,24  27  复    颐
14149,20141220,02 13 19 26 35|01 05,62  32  小过  恒
14150,20141222,19 21 30 33 35|05 07,26  9   大畜  小畜
14151,20141224,03 08 26 31 32|08 12,49  43  革    夬
14152,20141227,05 12 18 24 33|01 05,29  47  坎    困
14153,20141229,01 08 13 24 32|05 10,12  25  否    无妄
14154,20141231,05 12 17 23 28|02 09,54  19  归妹  临
15001,20150103,08 09 19 27 30|06 07,42  27  益    颐
15002,20150105,03 14 20 26 32|06 10,7   2   师    坤
15003,20150107,12 19 27 28 34|01 12,35  12  晋    否
15004,20150110,03 12 14 18 28|05 06,22  52  贲    艮
15005,20150112,11 14 15 18 19|07 08,28  48  大过  井
15006,20150114,06 08 30 32 33|03 07,53  37  渐    家人
15007,20150117,02 07 08 14 31|04 08,10  1   履    乾
15008,20150119,07 10 11 15 17|03 10,51  21  震    噬嗑
15009,20150121,17 22 26 27 33|06 10,4   18  蒙    蛊
15010,20150124,02 06 17 30 35|02 07,14  1   大有  乾
15011,20150126,04 13 22 25 30|01 06,63  5   既济  需
15012,20150128,03 04 06 11 31|05 09,44  50  姤    鼎
15013,20150131,11 15 25 28 35|07 10,20  42  观    益
15014,20150202,08 16 25 29 35|03 10,17  3   随    屯
15015,20150204,01 05 13 17 32|04 11,59  61  涣    中孚
15016,20150207,06 07 16 20 34|09 11,1   10  乾    履
15017,20150209,07 13 16 17 29|01 07,55  30  丰    离
15018,20150211,04 07 10 23 31|03 07,18  4   蛊    蒙
15019,20150214,02 08 16 22 24|01 03,35  12  晋    否
15020,20150216,11 26 28 29 32|01 04,60  3   节    屯
15021,20150225,22 23 24 26 31|05 06,36  55  明夷  丰
15022,20150228,09 11 14 15 26|11 12,40  64  解    未济
15023,20150302,06 09 11 12 22|03 11,32  50  恒    鼎
15024,20150304,02 06 08 16 34|03 04,52  23  艮    剥
15025,20150307,07 10 20 22 27|10 11,38  10  睽    履
15026,20150309,11 13 14 15 22|02 08,3   60  屯    节
15027,20150311,05 21 22 25 28|03 10,6   64  讼    未济
15028,20150314,03 09 28 32 33|09 10,9   57  小畜  巽
15029,20150316,07 10 19 30 35|03 05,36  55  明夷  丰
15030,20150318,09 18 19 26 31|02 05,50  14  鼎    大有
15031,20150321,07 21 29 32 33|04 12,23  52  剥    艮
15032,20150323,06 21 25 27 30|07 11,58  10  兑    履
15033,20150325,03 17 22 26 28|03 07,42  37  益    家人
15034,20150328,04 08 15 18 26|05 09,33  56  遁    旅
15035,20150330,22 24 29 30 35|01 10,34  55  大壮  丰
15036,20150401,14 18 20 23 24|04 08,44  50  姤    鼎
15037,20150404,10 16 21 28 31|07 08,20  42  观    益
15038,20150406,12 19 22 31 35|07 08,19  54  临    归妹
15039,20150408,03 06 07 16 25|01 06,21  35  噬嗑  晋
15040,20150411,02 09 10 23 35|09 12,52  23  艮    剥
15041,20150413,01 11 21 23 28|01 10,43  1   夬    乾
15042,20150415,03 07 12 17 24|02 11,37  42  家人  益
15043,20150418,02 20 22 25 29|02 07,6   64  讼    未济
15044,20150420,16 18 27 31 33|01 03,16  40  豫    解
15045,20150422,08 09 22 29 30|08 12,41  61  损    中孚
15046,20150425,05 07 10 22 26|04 10,50  14  鼎    大有
15047,20150427,01 02 17 23 31|05 12,39  31  蹇    咸
15048,20150429,10 11 22 24 33|02 09,1   44  乾    姤
15049,20150502,08 09 11 15 22|08 10,15  46  谦    升
15050,20150504,06 07 10 20 28|02 07,14  1   大有  乾
15051,20150506,01 02 11 16 21|01 05,63  5   既济  需
15052,20150509,13 19 24 27 29|07 08,47  29  困    坎
15053,20150511,08 25 28 29 32|04 07,20  42  观    益
15054,20150513,02 09 15 24 34|03 09,19  54  临    归妹
15055,20150516,06 11 14 20 30|05 10,32  50  恒    鼎
15056,20150518,06 12 19 26 35|03 10,52  23  艮    剥
15057,20150520,01 05 07 14 26|04 06,43  1   夬    乾
15058,20150523,10 14 20 27 30|07 12,3   60  屯    节
15059,20150525,07 09 19 23 32|01 03,6   64  讼    未济
15060,20150527,16 24 25 26 33|04 11,16  40  豫    解
15061,20150530,06 07 08 16 22|02 10,36  55  明夷  丰
15062,20150601,06 07 13 14 15|01 04,53  37  渐    家人
15063,20150603,01 04 06 34 35|02 04,11  34  泰    大壮
15064,20150606,02 08 20 28 31|07 10,51  21  震    噬嗑
15065,20150608,04 05 07 13 35|08 11,4   18  蒙    蛊
15066,20150610,01 03 07 13 29|02 10,45  12  萃    否
15067,20150613,04 10 18 24 27|04 11,63  5   既济  需
15068,20150615,02 03 20 31 35|04 08,44  50  姤    鼎
15069,20150617,02 09 11 22 25|01 07,62  32  小过  恒
15070,20150620,03 09 12 17 18|04 12,19  54  临    归妹
15071,20150622,04 06 13 16 34|04 10,21  35  噬嗑  晋
15072,20150624,19 20 21 31 33|09 10,29  47  坎    困
15073,20150627,09 26 27 30 34|01 06,43  1   夬    乾
15074,20150629,01 12 21 27 33|04 09,37  42  家人  益
15075,20150701,13 14 26 27 33|10 12,35  12  晋    否
15076,20150704,03 19 21 31 34|05 12,22  52  贲    艮
15077,20150706,01 16 17 22 28|02 09,28  48  大过  井
15078,20150708,19 24 26 28 33|01 02,53  37  渐    家人
15079,20150711,01 09 17 23 24|04 05,10  1   履    乾
15080,20150713,14 20 29 30 32|03 08,51  21  震    噬嗑
15081,20150715,03 04 10 13 17|05 09,4   18  蒙    蛊
15082,20150718,08 15 28 31 33|03 06,14  1   大有  乾
15083,20150720,14 16 19 25 29|10 12,63  5   既济  需
15084,20150722,10 20 21 32 34|06 07,44  50  姤    鼎
15085,20150725,02 03 04 06 16|03 12,20  42  观    益
15086,20150727,05 09 11 15 32|04 09,19  54  临    归妹
15087,20150729,02 05 15 17 22|01 11,21  35  噬嗑  晋
15088,20150801,05 15 28 31 34|11 12,1   10  乾    履
15089,20150803,05 12 18 20 27|10 12,55  30  丰    离
15090,20150805,06 09 11 17 21|06 08,18  4   蛊    蒙
15091,20150808,02 07 28 29 30|03 07,35  12  晋    否
15092,20150810,02 14 21 27 34|05 08,60  3   节    屯
15093,20150812,16 17 25 26 27|02 04,25  21  无妄  噬嗑
15094,20150815,02 03 10 11 29|03 07,53  37  渐    家人
15095,20150817,08 14 26 34 35|05 10,11  34  泰    大壮
15096,20150819,03 09 12 18 21|02 06,30  56  离    旅
15097,20150822,04 16 17 26 27|01 04,4   18  蒙    蛊
15098,20150824,09 14 21 27 33|06 09,45  12  萃    否
15099,20150826,09 12 14 22 25|05 10,61  9   中孚  小畜
15100,20150829,09 15 18 23 32|05 07,44  50  姤    鼎
15101,20150831,06 12 17 18 32|07 12,62  32  小过  恒
15102,20150902,11 14 15 33 34|03 12,13  30  同人  离
15103,20150905,07 09 15 25 34|04 10,59  61  涣    中孚
15104,20150907,16 19 25 30 34|04 09,2   16  坤    豫
15105,20150909,08 09 15 21 27|05 09,38  64  睽    未济
15106,20150912,02 11 13 22 30|02 03,18  4   蛊    蒙
15107,20150914,03 23 25 28 29|06 07,31  33  咸    遁
15108,20150916,01 13 16 26 31|07 12,9   61  小畜  中孚
15109,20150919,01 06 11 22 31|03 12,25  21  无妄  噬嗑
15110,20150921,02 07 10 22 30|07 11,40  16  解    豫
15111,20150923,07 08 16 24 28|03 10,23  20  剥    观
15112,20150926,04 05 15 19 28|04 11,30  56  离    旅
15113,20150928,01 14 21 29 33|02 10,48  28  井    大过
15114,20150930,09 18 24 31 34|02 10,33  13  遁    同人
15115,20151003,08 12 13 14 16|03 09,46  15  升    谦
15116,20151005,07 10 19 24 33|03 07,56  33  旅    遁
15117,20151007,06 17 20 30 33|10 11,5   63  需    既济
15118,20151010,03 07 20 24 31|04 09,17  3   随    屯
15119,20151012,01 08 12 16 21|06 11,59  61  涣    中孚
15120,20151014,01 09 15 24 32|05 10,2   16  坤    豫
15121,20151017,02 04 17 27 28|04 06,55  30  丰    离
15122,20151019,11 13 15 26 35|06 11,18  4   蛊    蒙
15123,20151021,04 15 27 29 30|02 10,31  33  咸    遁
15124,20151024,04 06 12 31 32|03 06,60  3   节    屯
15125,20151026,02 03 15 17 28|08 10,25  21  无妄  噬嗑
15126,20151028,04 05 08 09 21|03 06,40  16  解    豫
15127,20151031,09 11 14 19 30|03 08,11  34  泰    大壮
15128,20151102,10 12 23 30 32|03 04,57  9   巽    小畜
15129,20151104,01 06 23 25 29|03 09,15  62  谦    小过
15130,20151107,17 25 31 32 34|02 12,54  38  归妹  睽
15131,20151109,11 17 19 20 27|02 03,27  22  颐    贲
15132,20151111,03 08 14 18 27|01 05,47  6   困    讼
15133,20151114,03 07 08 25 30|04 08,5   63  需    既济
15134,20151116,01 02 06 15 35|04 07,13  30  同人  离
15135,20151118,05 16 20 25 29|06 08,32  62  恒    小过
15136,20151121,05 20 23 29 32|02 10,2   16  坤    豫
15137,20151123,14 17 21 23 26|08 11,38  64  睽    未济
15138,20151125,01 16 20 29 32|04 07,3   17  屯    随
15139,20151128,02 03 05 25 32|05 07,31  33  咸    遁
15140,20151130,01 11 15 26 35|06 11,9   61  小畜  中孚
15141,20151202,02 04 15 19 31|02 03,64  6   未济  讼
15142,20151205,12 14 22 26 30|03 06,26  18  大畜  蛊
15143,20151207,09 20 31 33 35|10 11,49  63  革    既济
15144,20151209,01 09 24 26 29|06 11,57  9   巽    小畜
15145,20151212,06 07 20 29 32|11 12,12  33  否    遁
15146,20151214,04 15 19 27 31|04 11,54  38  归妹  睽
15147,20151216,01 02 13 18 19|08 10,27  22  颐    贲
15148,20151219,08 11 27 31 33|08 09,56  33  旅    遁
15149,20151221,04 06 10 12 28|02 08,5   63  需    既济
15150,20151223,04 13 18 25 33|03 07,13  30  同人  离
15151,20151226,15 16 18 30 35|01 07,59  61  涣    中孚
15152,20151228,04 05 22 29 35|02 11,2   16  坤    豫
15153,20151230,01 07 22 27 33|02 11,38  64  睽    未济
16001,20160102,01 07 19 20 30|05 10,42  20  益    观
16002,20160104,07 12 18 25 35|07 09,7   40  师    解
16003,20160106,04 12 17 22 26|06 07,35  21  晋    噬嗑
16004,20160109,10 20 23 32 35|09 10,22  27  贲    颐
16005,20160111,06 09 12 15 20|08 11,28  44  大过  姤
16006,20160113,14 16 17 22 24|02 09,53  20  渐    观
16007,20160116,02 05 14 32 35|01 03,10  38  履    睽
16008,20160118,05 12 31 34 35|04 05,51  54  震    归妹
16009,20160120,05 08 10 17 20|02 12,4   59  蒙    涣
16010,20160123,12 13 15 16 28|02 05,14  50  大有  鼎
16011,20160125,02 08 10 15 23|05 10,63  49  既济  革
16012,20160127,05 07 11 23 28|03 12,44  1   姤    乾
16013,20160130,03 21 23 31 35|02 11,20  53  观    渐
16014,20160201,06 08 21 24 27|02 10,17  25  随    无妄
16015,20160203,01 04 10 13 30|03 09,59  57  涣    巽
16016,20160206,03 10 22 29 32|02 05,1   14  乾    大有
16017,20160215,11 18 24 28 29|05 10,38  64  睽    未济
16018,20160217,05 10 13 27 33|08 11,3   17  屯    随
16019,20160220,04 11 15 20 26|08 09,31  33  咸    遁
16020,20160222,01 16 22 29 30|02 09,9   61  小畜  中孚
16021,20160224,01 04 09 10 35|09 11,36  22  明夷  贲
16022,20160227,04 18 21 30 35|02 11,40  16  解    豫
16023,20160229,04 09 14 25 27|06 11,23  20  剥    观
16024,20160302,01 02 11 15 18|04 08,29  59  坎    涣
16025,20160305,03 06 13 23 24|07 10,43  49  夬    革
16026,20160307,02 06 29 30 34|01 07,37  22  家人  贲
16027,20160309,06 11 13 15 28|02 06,46  15  升    谦
16028,20160312,13 18 20 23 31|03 06,16  2   豫    坤
16029,20160314,20 26 27 29 32|05 12,41  4   损    蒙
16030,20160316,10 19 21 29 33|04 06,17  3   随    屯
16031,20160319,03 14 24 27 29|04 11,39  53  蹇    渐
16032,20160321,05 09 14 20 33|05 12,1   10  乾    履
16033,20160323,03 14 15 31 35|09 10,55  30  丰    离
16034,20160326,14 18 31 32 35|09 10,7   2   师    坤
16035,20160328,17 22 24 25 29|09 12,35  12  晋    否
16036,20160330,07 15 26 30 31|03 06,60  3   节    屯
16037,20160402,03 05 13 24 34|03 05,62  15  小过  谦
16038,20160404,03 07 09 15 33|05 12,26  18  大畜  蛊
16039,20160406,01 08 16 22 28|04 05,49  63  革    既济
16040,20160409,20 22 29 30 35|01 06,29  59  坎    涣
16041,20160411,12 23 24 27 34|03 06,12  33  否    遁
16042,20160413,02 06 08 19 24|01 06,54  38  归妹  睽
16043,20160416,01 09 16 33 34|09 12,46  15  升    谦
16044,20160418,01 06 10 20 31|05 11,56  33  旅    遁
16045,20160420,07 11 25 30 33|02 08,5   63  需    既济
16046,20160423,03 19 22 32 34|08 12,17  3   随    屯
16047,20160425,02 03 23 29 32|05 09,59  61  涣    中孚
16048,20160427,04 12 17 25 27|04 10,2   16  坤    豫
16049,20160430,03 04 05 27 33|04 09,55  30  丰    离
16050,20160502,07 17 21 29 35|04 05,45  47  萃    困
16051,20160504,16 21 23 24 32|07 08,61  41  中孚  损
16052,20160507,08 14 19 20 33|10 11,44  1   姤    乾
16053,20160509,04 13 15 30 35|03 05,62  15  小过  谦
16054,20160511,02 05 09 21 30|06 07,26  18  大畜  蛊
16055,20160514,06 21 27 30 34|04 09,21  30  噬嗑  离
16056,20160516,10 12 14 31 35|04 05,29  59  坎    涣
16057,20160518,08 17 19 23 30|03 08,12  33  否    遁
16058,20160521,02 15 17 23 28|05 09,37  22  家人  贲
16059,20160523,02 10 27 28 33|05 07,46  15  升    谦
16060,20160525,02 06 22 27 34|08 11,56  33  旅    遁
16061,20160528,09 15 17 21 23|07 12,41  4   损    蒙
16062,20160530,02 10 14 15 35|01 09,17  3   随    屯
16063,20160601,08 12 22 27 35|05 09,23  27  剥    颐
16064,20160604,01 02 10 18 35|05 11,30  21  离    噬嗑
16065,20160606,01 09 18 22 24|11 12,48  57  井    巽
16066,20160608,10 28 29 31 33|05 11,33  12  遁    否
16067,20160611,02 08 11 13 19|02 08,61  41  中孚  损
16068,20160613,05 07 22 26 34|07 12,24  19  复    临
16069,20160615,14 17 19 23 30|02 09,64  6   未济  讼
16070,20160618,02 09 13 19 23|05 07,26  18  大畜  蛊
16071,20160620,08 15 19 20 33|07 12,49  63  革    既济
16072,20160622,16 20 24 26 31|04 09,57  9   巽    小畜
16073,20160625,07 14 17 24 27|08 10,12  33  否    遁
16074,20160627,01 05 07 11 14|03 08,54  38  归妹  睽
16075,20160629,03 07 17 22 31|08 12,27  22  颐    贲
16076,20160702,03 08 10 17 31|05 06,60  58  节    兑
16077,20160704,09 11 14 16 35|02 05,25  12  无妄  否
16078,20160706,07 18 29 31 35|05 11,40  7   解    师
16079,20160709,07 14 15 20 27|05 10,11  26  泰    大畜
16080,20160711,15 20 29 30 33|07 12,30  21  离    噬嗑
16081,20160713,06 07 18 21 33|03 08,48  57  井    巽
16082,20160716,03 08 23 28 29|02 07,45  47  萃    困
16083,20160718,01 05 09 33 35|01 05,61  41  中孚  损
16084,20160720,08 12 15 26 35|01 08,24  19  复    临
16085,20160723,14 15 27 31 32|01 07,62  15  小过  谦
16086,20160725,03 05 22 25 30|07 09,26  18  大畜  蛊
16087,20160727,03 16 17 23 25|07 09,49  63  革    既济
16088,20160730,04 06 17 21 30|06 11,29  59  坎    涣
16089,20160801,07 14 17 28 34|07 10,38  14  睽    大有
16090,20160803,04 06 08 28 32|07 12,3   42  屯    益
16091,20160806,08 13 17 21 22|02 08,31  28  咸    大过
16092,20160808,02 13 31 33 34|07 11,9   26  小畜  大畜
16093,20160810,01 08 14 30 35|06 07,36  11  明夷  泰
16094,20160813,01 14 16 17 18|05 07,40  7   解    师
16095,20160815,08 12 18 19 21|03 06,23  27  剥    颐
16096,20160817,01 06 08 12 21|05 10,58  60  兑    节
16097,20160820,06 08 18 31 33|10 12,48  57  井    巽
16098,20160822,08 09 11 20 29|04 05,33  12  遁    否
16099,20160824,03 04 12 14 27|01 05,34  14  大壮  大有
16100,20160827,08 12 19 26 30|02 12,24  19  复    临
16101,20160829,04 06 28 33 35|07 12,64  6   未济  讼
16102,20160831,03 05 06 34 35|03 12,8   29  比    坎
16103,20160903,05 14 20 23 29|03 11,32  46  恒    升
16104,20160905,01 20 22 23 30|06 07,52  22  艮    贲
16105,20160907,08 11 31 34 35|01 02,43  5   夬    需
16106,20160910,03 21 30 33 35|01 04,3   42  屯    益
16107,20160912,02 06 19 24 26|04 06,6   44  讼    姤
16108,20160914,10 17 22 23 25|07 09,16  35  豫    晋
16109,20160917,03 25 28 31 34|11 12,36  11  明夷  泰
16110,20160919,07 20 21 23 30|07 10,50  44  鼎    姤
16111,20160921,04 09 22 26 27|02 12,39  48  蹇    井
16112,20160924,07 22 23 31 32|04 05,58  60  兑    节
16113,20160926,10 11 17 30 34|03 12,42  20  益    观
16114,20160928,16 17 20 32 33|03 07,7   40  师    解
16115,20161001,01 04 15 31 34|02 11,27  42  颐    益
16116,20161003,04 06 08 19 34|10 12,47  45  困    萃
16117,20161005,03 09 14 16 23|02 09,20  23  观    剥
16118,20161008,12 15 18 24 29|03 11,13  33  同人  遁
16119,20161010,02 03 09 21 22|05 10,32  46  恒    升
16120,20161012,03 10 20 32 34|04 07,52  22  艮    贲
16121,20161015,04 05 08 15 20|01 06,38  14  睽    大有
16122,20161017,01 03 12 14 29|02 06,3   42  屯    益
16123,20161019,04 05 13 20 32|01 10,6   44  讼    姤
16124,20161022,04 13 24 26 29|08 11,9   26  小畜  大畜
16125,20161024,06 07 08 28 30|01 02,36  11  明夷  泰
16126,20161026,11 13 16 19 24|06 08,50  44  鼎    姤
16127,20161029,01 05 15 24 26|09 10,23  27  剥    颐
16128,20161031,17 20 22 30 33|07 08,58  60  兑    节
16129,20161102,07 08 19 30 35|08 09,4   41  蒙    损
16130,20161105,11 23 32 33 34|01 12,14  38  大有  睽
16131,20161107,06 13 25 28 30|02 07,63  37  既济  家人
16132,20161109,04 18 19 22 35|01 02,44  6   姤    讼
16133,20161112,01 04 05 23 28|05 09,20  23  观    剥
16134,20161114,01 03 31 32 34|02 07,19  24  临    复
16135,20161116,01 10 12 18 35|01 12,21  25  噬嗑  无妄
16136,20161119,05 06 07 19 23|04 11,52  22  艮    贲
16137,20161121,07 20 23 29 34|02 10,43  5   夬    需
16138,20161123,12 13 16 29 35|05 11,37  53  家人  渐
16139,20161126,13 21 30 31 35|01 08,6   44  讼    姤
16140,20161128,12 16 23 29 34|04 11,16  35  豫    晋
16141,20161130,02 06 07 19 28|11 12,41  26  损    大畜
16142,20161203,01 06 17 23 26|06 12,8   45  比    萃
16143,20161205,04 06 22 27 31|06 07,10  6   履    讼
16144,20161207,04 05 13 22 31|05 10,51  24  震    复
16145,20161210,01 09 11 17 28|03 08,15  52  谦    艮
16146,20161212,21 22 25 29 34|01 11,14  38  大有  睽
16147,20161214,07 19 20 28 30|04 12,63  37  既济  家人
16148,20161217,05 14 15 23 25|06 08,47  45  困    萃
16149,20161219,01 02 03 12 33|04 09,20  23  观    剥
16150,20161221,01 10 18 24 29|07 10,19  24  临    复
16151,20161224,04 07 11 14 21|05 12,32  46  恒    升
16152,20161226,08 17 22 24 30|05 11,52  22  艮    贲
16153,20161228,13 18 25 29 35|03 11,43  5   夬    需
16154,20161231,06 16 17 21 29|04 06,3   42  屯    益
17001,20170102,07 09 20 31 33|08 10,48  39  井    蹇
17002,20170104,07 12 14 31 34|09 11,33  56  遁    旅
17003,20170107,03 05 06 13 22|09 12,61  59  中孚  涣
17004,20170109,05 08 11 28 31|06 07,24  51  复    震
17005,20170111,05 09 20 26 35|02 11,64  38  未济  睽
17006,20170114,04 06 23 32 33|05 06,26  41  大畜  损
17007,20170116,08 11 17 25 27|02 04,49  13  革    同人
17008,20170118,03 04 09 25 32|02 04,57  59  巽    涣
17009,20170121,05 06 08 12 22|03 04,12  35  否    晋
17011,20170125,05 15 21 29 34|06 09,27  42  颐    益
17012,20170204,04 05 24 26 35|07 12,16  35  豫    晋
17013,20170206,05 12 17 30 34|11 12,41  26  损    大畜
17014,20170208,04 08 15 24 25|02 05,17  25  随    无妄
17015,20170211,01 07 19 27 34|01 02,39  48  蹇    井
17016,20170213,03 13 28 30 33|09 10,1   14  乾    大有
17017,20170215,04 19 24 26 29|04 06,55  34  丰    大壮
17018,20170218,06 07 10 17 23|01 09,7   40  师    解
17019,20170220,02 06 14 23 25|02 10,35  21  晋    噬嗑
17020,20170222,16 21 24 27 28|04 07,60  58  节    兑
17021,20170225,01 15 17 20 26|06 08,28  44  大过  姤
17022,20170227,02 03 09 17 24|06 12,53  20  渐    观
17023,20170301,05 08 12 24 34|07 10,59  57  涣    巽
17024,20170304,21 23 29 32 35|11 12,1   14  乾    大有
17025,20170306,10 16 19 20 34|04 05,55  34  丰    大壮
17026,20170308,10 14 19 25 32|02 07,18  57  蛊    巽
17027,20170311,08 17 25 33 34|03 11,35  21  晋    噬嗑
17028,20170313,06 18 22 23 33|09 11,60  58  节    兑
17029,20170315,01 06 14 17 29|01 11,25  12  无妄  否
17030,20170318,21 22 24 29 34|05 06,53  20  渐    观
17031,20170320,02 16 17 30 32|02 09,11  26  泰    大畜
17032,20170322,02 13 14 18 29|03 09,30  21  离    噬嗑
17033,20170325,15 22 23 25 34|05 11,4   59  蒙    涣
17034,20170327,06 12 21 26 29|02 11,45  47  萃    困
17035,20170329,14 17 22 30 33|07 12,61  41  中孚  损
17036,20170401,01 04 09 18 33|02 05,56  30  旅    离
17037,20170403,13 15 16 32 34|06 11,5   43  需    夬
17038,20170405,04 05 13 18 27|03 09,13  33  同人  遁
17039,20170408,05 06 14 17 26|03 08,59  57  涣    巽
17040,20170410,04 06 10 23 29|09 11,2   23  坤    剥
17041,20170412,02 04 06 25 31|05 09,38  14  睽    大有
17042,20170415,02 17 31 33 34|01 07,18  57  蛊    巽
17043,20170417,06 13 22 25 35|09 12,31  28  咸    大过
17044,20170419,11 16 17 18 25|02 09,9   26  小畜  大畜
17045,20170422,01 08 11 21 35|09 12,25  12  无妄  否
17046,20170424,04 17 20 23 30|02 03,40  7   解    师
17047,20170426,15 19 32 33 34|09 12,23  27  剥    颐
17048,20170429,07 09 13 15 19|03 10,30  21  离    噬嗑
17049,20170501,09 12 14 22 31|05 08,12  35  否    晋
17050,20170503,12 14 17 20 28|02 06,54  51  归妹  震
17051,20170506,14 17 18 22 29|10 11,46  32  升    恒
17052,20170508,03 19 24 28 33|04 12,56  30  旅    离
17053,20170510,06 19 20 22 26|01 11,5   43  需    夬
17054,20170513,16 29 30 32 33|04 05,17  25  随    无妄
17055,20170515,19 20 22 30 33|03 09,59  57  涣    巽
17056,20170517,01 04 24 27 32|03 10,2   23  坤    剥
17057,20170520,12 16 19 23 24|02 05,55  34  丰    大壮
17058,20170522,14 18 20 21 28|03 06,18  57  蛊    巽
17059,20170524,08 11 13 15 17|03 10,31  28  咸    大过
17060,20170527,09 15 20 26 31|05 12,60  58  节    兑
17061,20170529,10 19 23 25 30|02 04,25  12  无妄  否
17062,20170531,01 04 06 08 28|08 12,40  7   解    师
17063,20170603,18 21 22 24 29|05 11,49  13  革    同人
17064,20170605,01 08 20 27 30|03 04,57  59  巽    涣
17065,20170607,05 11 12 19 28|05 12,15  52  谦    艮
17066,20170610,11 15 23 26 30|02 11,54  51  归妹  震
17067,20170612,10 17 18 32 35|10 11,27  42  颐    益
17068,20170614,07 08 19 24 27|06 07,47  45  困    萃
17069,20170617,10 16 20 23 32|08 11,5   43  需    夬
17070,20170619,06 16 18 26 30|02 03,13  33  同人  遁
17071,20170621,01 04 11 14 33|05 07,32  46  恒    升
17072,20170624,01 03 29 32 34|02 05,2   23  坤    剥
17073,20170626,07 18 28 31 33|01 02,38  14  睽    大有
17074,20170628,08 10 11 13 17|08 11,3   42  屯    益
17075,20170701,05 11 16 18 35|01 06,61  59  中孚  涣
17076,20170703,02 07 25 30 35|07 12,24  51  复    震
17077,20170705,01 03 04 25 31|06 09,64  38  未济  睽
17078,20170708,04 05 27 31 34|03 06,26  41  大畜  损
17079,20170710,01 17 19 32 33|02 11,49  13  革    同人
17080,20170712,08 10 21 30 31|02 05,57  59  巽    涣
17081,20170715,02 12 15 20 34|01 06,12  35  否    晋
17082,20170717,05 13 20 21 25|08 09,54  51  归妹  震
17083,20170719,02 05 14 22 34|03 09,27  42  颐    益
17084,20170722,06 11 14 21 31|09 12,56  30  旅    离
17085,20170724,09 13 14 25 30|02 05,5   43  需    夬
17086,20170726,12 15 18 22 31|01 08,13  33  同人  遁
17087,20170729,03 14 21 29 35|02 06,59  57  涣    巽
17088,20170731,05 28 31 34 35|08 09,2   23  坤    剥
17089,20170802,03 05 06 15 18|03 10,42  37  益    家人
17090,20170805,03 06 15 22 35|09 11,33  56  遁    旅
17091,20170807,01 05 07 16 19|03 12,34  55  大壮  丰
17092,20170809,03 07 09 17 34|04 05,22  37  贲    家人
17093,20170812,05 06 17 21 29|02 04,64  38  未济  睽
17094,20170814,03 05 08 29 33|04 08,8   45  比    萃
17095,20170816,15 32 33 34 35|03 12,10  6   履    讼
17096,20170819,03 07 09 17 28|04 12,57  59  巽    涣
17097,20170821,07 14 19 22 34|07 12,15  52  谦    艮
17098,20170823,06 09 17 30 35|10 11,14  38  大有  睽
17099,20170826,08 09 17 18 24|03 07,27  42  颐    益
17100,20170828,02 05 18 19 31|01 09,47  45  困    萃
17101,20170830,05 15 21 25 29|05 08,20  23  观    剥
17102,20170902,01 12 23 24 29|08 12,50  14  鼎    大有
17103,20170904,04 19 20 24 29|03 04,39  31  蹇    咸
17104,20170906,09 11 22 27 30|09 11,1   44  乾    姤
17105,20170909,04 15 22 24 32|02 09,42  37  益    家人
17106,20170911,09 12 18 23 29|02 04,7   4   师    蒙
17107,20170913,04 10 19 25 27|06 12,35  56  晋    旅
17108,20170916,01 04 15 21 22|04 09,22  37  贲    家人
17109,20170918,06 09 19 26 34|05 07,28  31  大过  咸
17110,20170920,10 14 20 21 35|02 05,53  52  渐    艮
17111,20170923,02 14 17 26 34|08 12,10  6   履    讼
17112,20170925,05 06 20 31 32|06 12,51  24  震    复
17113,20170927,05 08 17 18 23|04 12,4   41  蒙    损
17114,20170930,06 07 12 18 23|01 12,14  38  大有  睽
17115,20171002,14 19 20 25 31|06 08,6   64  讼    未济
17116,20171004,02 27 30 32 33|01 03,16  40  豫    解
17117,20171007,05 07 09 24 32|08 10,36  55  明夷  丰
17118,20171009,02 07 16 20 33|03 11,50  14  鼎    大有
17119,20171011,05 07 13 29 35|03 08,39  31  蹇    咸
17120,20171014,08 15 24 26 27|05 06,58  10  兑    履
17121,20171016,01 06 12 26 31|01 07,42  37  益    家人
17122,20171018,03 12 18 29 34|03 11,7   4   师    蒙
